92.88973,0.2799999,450.5474
92.99048,0.2777933,450.5474
93.06853,0.2793748,441.5474
93.17009,0.2792611,441.5474
93.27702,0.2791033,441.5474
93.36503,0.2791667,441.2409
93.36887,0.2791866,441.1194
93.37257,0.2791562,440.9868
93.37683,0.2791551,440.8216
93.3799,0.2791811,440.6924
93.38551,0.2791454,440.5474
93.3666,0.2791616,431.5474
93.26584,0.2791594,431.5474
93.19164,0.2791589,431.384
93.17722,0.2791589,431.1753
93.16833,0.2791588,431.0634
93.15669,0.2791589,430.9174
93.14757,0.2791592,430.8174
93.1343,0.27916,430.6718
93.1198,0.2791603,430.5474
93.01757,0.2791613,430.5474
92.90955,0.2791613,430.5474
92.80862,0.2791615,430.5474
92.6977,0.2791605,430.5474
92.5928,0.2791614,430.5474
92.47768,0.2791607,430.5474
92.41179,0.2791603,421.5474
92.3097,0.2791609,421.5474
92.19328,0.2791611,421.5474
92.07606,0.279162,421.5474
91.96947,0.279163,421.5474
91.86671,0.2791662,421.5474
91.7495,0.2791622,421.5474
91.64788,0.2794391,421.5474
91.52303,0.2816286,421.5474
91.41435,0.2837754,421.5474
91.35991,0.2849332,421.4428
91.33935,0.2853795,421.3446
91.3088,0.2859659,421.2025
91.287,0.2863649,421.102
91.24348,0.2871523,420.9046
91.15514,0.2886373,420.5474
91.04462,0.2902252,420.5474
90.88235,0.2915755,420.5474
90.77835,0.2921606,420.5474
90.63728,0.2925192,420.5474
90.53125,0.2917131,420.5474
90.42713,0.289695,420.5474
90.32082,0.2855253,420.5474
90.21681,0.2769324,420.5474
90.19292,0.2760499,411.1474
90.07702,0.2777039,411.1474
89.97401,0.278965,411.1474
89.86685,0.279056,411.1474
89.75995,0.2790796,411.1474
89.65363,0.2790791,411.1474
89.56631,0.279137,411.0751
89.54395,0.2792633,410.9451
89.52281,0.279152,410.824
89.50539,0.2790916,410.7245
89.48706,0.2791728,410.6212
89.46944,0.2792376,410.5221
89.44721,0.2791532,410.3988
89.41377,0.2791574,410.215
89.33417,0.2791538,410.1474
89.22791,0.2791904,410.1474
89.11543,0.2791742,410.1474
89.0084,0.2791634,410.1474
88.90562,0.2791627,410.1474
88.80472,0.2791654,410.1474
88.67131,0.2791576,410.1474
88.56908,0.2791623,410.1474
88.45349,0.2791637,410.1474
88.34444,0.2791651,410.1474
88.24083,0.2791613,410.1474
88.11895,0.2791603,410.1474
88.01781,0.2791596,410.1474
87.9037,0.2791617,410.1474
82.99945,0.2791619,398.5262
83.08179,0.2791617,398.4439
83.19827,0.279163,398.3274
83.27821,0.2791628,398.2475
83.35557,0.2791643,398.1701
83.43828,0.2791657,398.0874
83.5111,0.2791661,398.0146
83.62913,0.2791673,397.8966
83.71031,0.279167,397.8154
83.79955,0.2791676,397.7261
83.91871,0.2791678,397.607
83.99161,0.2791679,397.5341
84.06909,0.2791677,397.4566
84.14925,0.2791681,397.3764
84.23809,0.2791685,397.2876
84.35266,0.279168,397.173
84.42451,0.2791685,397.1012
84.51622,0.2791674,397.0095
84.48671,0.2791679,396.8859
84.40014,0.2791675,396.7696
84.32471,0.2791677,396.6688
84.23927,0.2791682,396.5564
84.02358,0.279168,396.2782
83.96082,0.2791675,396.1984
84.00573,0.2791671,396.1057
83.93445,0.2791685,396.177
83.86007,0.27917,396.2514
83.75734,0.2791702,396.3542
83.68249,0.2791725,396.429
70.81274,0.2791716,391.099
70.81274,0.2791721,390.9862
70.81274,0.2791742,390.8769
70.81274,0.2791719,390.7525
70.81274,0.2791725,390.6359
70.81274,0.279174,390.5094
70.81274,0.2791722,390.3795
70.81274,0.2791751,390.2419
70.81274,0.2791764,390.1194
70.81274,0.279178,389.9957
70.81274,0.2791771,389.8799
70.81274,0.2791785,389.7523
70.81274,0.2791794,389.6476
70.81274,0.2791805,389.5361
70.81274,0.2791826,389.4232
70.81274,0.2791834,389.3024
70.81274,0.2791846,389.2
70.81274,0.2791922,389.0952
70.81274,0.2792065,388.995
70.70007,0.2791908,389.0171
70.56981,0.2791906,389.0298
70.44396,0.2791924,389.0424
70.32396,0.2791859,389.0559
70.15474,0.2791821,389.0761
70.03949,0.2791837,389.0907
69.88821,0.27918,389.1115
69.81274,0.2791764,389.1817
69.81274,0.2791715,389.2833
69.81274,0.2791705,389.3871
69.81274,0.2791703,389.4924
69.81274,0.2791701,389.6068
69.81274,0.2791707,389.7077
69.81274,0.2791702,389.8154
69.81274,0.2791696,389.9471
69.81274,0.2791691,390.0599
69.81274,0.2791686,390.1691
69.81274,0.2791688,390.2735
69.81274,0.2791687,390.3804
69.81274,0.2791682,390.5728
69.81274,0.279168,390.6972
69.81274,0.2791679,390.8075
69.81274,0.2791685,390.9822
69.81274,0.279168,391.0928
69.81274,0.2791696,391.2061
69.81274,0.2791681,391.444
69.81274,0.2791678,391.5487
69.81274,0.2791677,391.6649
69.81274,0.2791678,391.9854
69.81274,0.2791681,392.0979
69.81274,0.2791684,392.2408
55.75679,0.2791684,398.12
55.67989,0.2791684,398.0431
55.57192,0.2791711,397.9351
55.50032,0.279173,397.8635
55.57359,0.2791746,397.9368
55.64827,0.2791731,398.0115
55.74271,0.2791709,398.1059
55.81444,0.2791708,398.1776
55.91032,0.2791698,398.2735
55.87576,0.2791707,398.3741
55.82214,0.2791711,398.4635
55.75125,0.2791708,398.5847
55.70033,0.2791703,398.6723
55.60444,0.2791704,398.8401
55.54731,0.2791704,398.9416
55.45836,0.2791702,399.1026
55.42155,0.2791697,399.1989
55.5256,0.2791718,399.303
55.60337,0.2791713,399.3808
55.67755,0.2791699,399.455
55.76142,0.279172,399.5388
55.83502,0.2791685,399.6124
55.91587,0.2791737,399.6933
55.99643,0.2791688,399.7738
56.10427,0.279173,399.8817
56.18599,0.2791693,399.9634
56.27053,0.2791729,400.0479
56.35375,0.2791689,400.1312
56.43097,0.2791725,400.2084
56.50926,0.2791711,400.2867
56.59038,0.2791704,400.3678
56.6865,0.2791722,400.4639
56.79072,0.2791694,400.5681
56.86847,0.2791731,400.6459
56.93959,0.2791699,400.717
57.02665,0.2791708,400.804
57.1253,0.2791722,400.9027
57.19817,0.2791727,400.9756
57.27459,0.2791725,401.052
57.34921,0.2791722,401.1266
57.42813,0.2791718,401.2055
57.5092,0.2791733,401.2866
57.58816,0.2791739,401.3656
53.09589,0.2999998,412.377
52.99262,0.2999998,412.377
53.09792,0.2999998,412.377
53.20386,0.2999998,412.377
53.31073,0.2999998,412.377
53.36006,0.2999998,412.4855
53.40437,0.2999998,412.6408
53.43367,0.2999998,412.7403
53.46348,0.2999998,412.8423
53.49886,0.3001425,412.96
53.53923,0.3029768,413.0816
53.5838,0.3070182,413.2026
53.62629,0.3103048,413.311
53.72152,0.3112384,413.377
53.82155,0.3090517,413.377
53.94806,0.3025629,413.377
54.05961,0.2999998,413.377
54.22012,0.2999998,413.377
54.32641,0.2999998,413.377
54.52193,0.2999998,413.377
54.63224,0.2999998,413.377
56.22862,0.2999997,416.9751
56.13865,0.2999997,417.0653
56.06577,0.2999997,417.1383
56.08644,0.2999997,417.252
56.17352,0.2999997,417.3456
56.31564,0.2999997,417.493
56.40446,0.2999997,417.5828
56.47946,0.2999997,417.6573
56.60015,0.2999997,417.7751
56.72536,0.2999997,417.8931
56.79721,0.2999997,417.821
56.86859,0.2999997,417.7495
56.93952,0.2999997,417.6784
61.897,0.2791703,419.7205
61.897,0.2791685,419.8359
61.897,0.2791686,419.9505
61.897,0.2791679,420.0676
61.897,0.279168,420.1765
61.897,0.2791676,420.2928
61.897,0.2791674,420.4526
61.897,0.279168,420.5594
61.897,0.2791668,420.6666
61.897,0.2791673,420.7705
61.897,0.2791668,420.8859
61.897,0.2791671,420.986
61.897,0.2791665,421.0986
61.897,0.2791664,421.2132
61.897,0.279166,421.3618
61.91958,0.2791651,421.4787
62.08644,0.2791654,421.5681
62.20063,0.2791651,421.6293
62.30818,0.2791638,421.687
62.41357,0.2791629,421.7434
62.52048,0.2791633,421.8007
62.61629,0.2791636,421.8521
62.72701,0.2791629,421.9113
62.85355,0.2791618,421.9789
62.897,0.2791622,422.0746
62.897,0.2791611,422.1912
62.897,0.2791613,422.296
62.897,0.2791614,422.4137
62.897,0.2791604,422.5171
62.897,0.2791602,422.6396
62.897,0.2791604,422.7632
62.897,0.27916,422.8774
62.897,0.27916,422.982
62.897,0.2791605,423.1018
62.897,0.2791598,423.2138
62.897,0.2791604,423.3243
62.897,0.2791617,423.436
62.897,0.2791616,423.5407
62.897,0.2791581,423.6429
62.897,0.2791609,423.7463
62.897,0.2791604,423.8541
62.897,0.2791613,423.9557
62.897,0.2791602,424.0854
71.937,0.2791613,424.1948
71.937,0.2791605,424.3025
71.937,0.2791623,424.4168
71.937,0.2791582,424.5179
71.937,0.2791605,424.6302
71.937,0.2791578,424.7308
71.937,0.2791628,424.8574
71.937,0.2791722,424.9667
71.937,0.2791877,425.0732
71.937,0.2792186,425.175
72.04154,0.27917,425.2292
72.20696,0.2791668,425.23392.88973,0.2799999,450.5474
92.9929,0.2787447,450.5474
93.06367,0.2788157,441.5474
93.16378,0.2794871,441.5474
93.26979,0.2792358,441.5474
93.36614,0.2791764,441.2064
93.37071,0.2791718,441.053
93.37525,0.2791409,440.888
93.37914,0.2791753,440.7238
93.38177,0.2791746,440.602
93.36568,0.27916,431.5474
93.26427,0.2791589,431.5474
93.19418,0.279159,431.4218
93.18195,0.279159,431.2387
93.17243,0.2791588,431.1149
93.15839,0.2791582,430.938
93.14638,0.2791589,430.8041
93.12936,0.2791603,430.6187
93.04021,0.2791614,430.5474
92.91245,0.2791618,430.5474
92.78588,0.2791615,430.5474
92.68028,0.2791608,430.5474
92.5677,0.2791619,430.5474
92.44537,0.2791613,430.5474
92.41,0.2791602,421.5474
92.22899,0.2791618,421.5474
92.10686,0.2791606,421.5474
91.99576,0.2791629,421.5474
91.86623,0.2791664,421.5474
91.7485,0.279163,421.5474
91.62926,0.2796224,421.5474
91.52709,0.2815405,421.5474
91.39859,0.2841004,421.5474
91.33044,0.2855691,421.3022
91.28154,0.2864649,421.0768
91.24069,0.2872019,420.8921
91.12563,0.2891009,420.5474
91.01029,0.2905856,420.5474
90.84336,0.2918118,420.5474
90.70688,0.2924612,420.5474
90.5742,0.2921759,420.5474
90.4267,0.2896834,420.5474
90.31335,0.2850878,420.5474
90.2086,0.2855256,420.5474
90.20232,0.2797372,411.1474
90.09789,0.2802523,411.1474
89.99287,0.2797226,411.1474
89.89285,0.2793939,411.1474
89.7801,0.2791184,411.1474
89.64535,0.2790363,411.1474
89.55157,0.2792289,410.9892
89.51508,0.2791109,410.7795
89.47734,0.2792171,410.5663
89.43911,0.2791222,410.3536
89.39906,0.2792052,410.1474
89.29645,0.2791827,410.1474
89.17914,0.2791348,410.1474
89.06375,0.2791571,410.1474
88.95078,0.2791666,410.1474
88.84119,0.2791678,410.1474
88.728,0.2791675,410.1474
88.61076,0.279166,410.1474
88.48344,0.2791657,410.1474
88.35219,0.2791648,410.1474
88.21446,0.2791643,410.1474
88.09573,0.2791614,410.1474
87.99146,0.2791587,410.1474
87.8703,0.2791603,410.1474
83.01921,0.2791631,398.5065
83.11233,0.2791599,398.4134
83.20292,0.2791644,398.3228
83.28526,0.2791622,398.2404
83.36984,0.2791654,398.1559
83.44751,0.279165,398.0782
83.52899,0.2791668,397.9967
83.68218,0.2791672,397.8435
83.7764,0.2791674,397.7493
83.85054,0.2791677,397.6752
83.95268,0.2791676,397.573
84.02579,0.2791685,397.4999
84.12624,0.2791684,397.3994
84.20098,0.2791679,397.3247
84.2902,0.2791681,397.2355
84.38118,0.2791682,397.1445
84.45705,0.279168,397.0686
84.53276,0.2791676,396.9929
84.42713,0.2791683,396.8058
84.30496,0.2791677,396.6425
84.22502,0.2791679,396.5379
83.94118,0.2791672,396.1703
84.01339,0.2791674,396.0981
83.93456,0.2791678,396.1769
83.84747,0.2791715,396.264
83.7433,0.2791698,396.3682
83.67019,0.2791728,396.4413
70.81274,0.2791706,391.0278
70.81274,0.2791741,390.875
70.81274,0.2791715,390.7231
70.81274,0.2791741,390.5737
70.81274,0.2791725,390.4305
70.81274,0.2791749,390.2963
70.81274,0.2791745,390.1657
70.81274,0.2791783,390.0391
70.81274,0.2791768,389.9162
70.81274,0.2791796,389.8075
70.81274,0.2791784,389.6968
70.81274,0.2791813,389.5591
70.81274,0.2791818,389.449
70.81274,0.2791835,389.3231
70.81274,0.2791848,389.2028
70.81274,0.279193,389.0881
70.81274,0.2792097,388.9857
70.63653,0.2791898,389.0232
70.5006,0.2791918,389.0367
70.28452,0.2791837,389.0604
70.05827,0.2791838,389.0884
69.83252,0.279178,389.1193
69.81274,0.2791754,389.2368
69.81274,0.2791727,389.353
69.81274,0.2791714,389.4724
69.81274,0.2791713,389.5745
69.81274,0.2791705,389.6859
69.81274,0.2791692,389.7866
69.81274,0.2791693,389.9154
69.81274,0.2791698,390.0348
69.81274,0.2791689,390.1842
69.81274,0.2791688,390.3152
69.81274,0.2791688,390.4316
69.81274,0.2791682,390.6461
69.81274,0.2791679,390.8105
69.81274,0.2791676,391.0812
69.81274,0.2791685,391.2366
69.81274,0.279168,391.5457
69.81274,0.2791685,391.7266
69.81274,0.279168,391.8893
69.81274,0.2791684,392.1591
69.81274,0.279168,392.263
55.74481,0.2791679,398.108
55.65411,0.2791684,398.0173
55.54543,0.2791714,397.9086
55.61983,0.2791732,397.983
55.70555,0.2791727,398.0688
55.83325,0.279171,398.1964
55.92001,0.279171,398.2832
55.63629,0.2791699,398.7834
55.53395,0.2791703,398.9651
55.4702,0.2791705,399.0807
55.42075,0.27917,399.1982
55.51025,0.279172,399.2877
55.6178,0.2791719,399.3952
55.69041,0.2791704,399.4678
55.76547,0.279171,399.5429
55.84285,0.27917,399.6203
55.92509,0.2791729,399.7025
56.01086,0.2791702,399.7883
56.10236,0.279172,399.8798
56.19341,0.2791705,399.9708
56.29101,0.2791706,400.0684
56.38625,0.2791712,400.1637
56.49059,0.2791721,400.268
56.59492,0.2791713,400.3723
56.71798,0.279171,400.4954
56.83272,0.2791713,400.6101
56.94261,0.2791703,400.72
57.06384,0.2791712,400.8412
57.17991,0.2791728,400.9573
57.29983,0.2791718,401.0772
57.41886,0.2791727,401.1963
57.54591,0.2791729,401.3233
53.08725,0.2999998,412.377
52.97646,0.2999998,412.377
53.08224,0.2999998,412.377
53.20311,0.2999998,412.377
53.31495,0.2999998,412.377
53.37717,0.2999998,412.5485
53.41242,0.2999998,412.6682
53.47554,0.2999998,412.8836
53.5362,0.3027691,413.0725
53.6045,0.3090465,413.2568
53.67496,0.3110884,413.377
53.86336,0.3071634,413.377
53.9944,0.2999998,413.377
54.14551,0.2999998,413.377
54.27784,0.2999998,413.377
54.38348,0.2999998,413.377
54.48716,0.2999998,413.377
54.69004,0.2999998,413.377
56.23706,0.2999997,416.9666
56.15446,0.2999997,417.0494
56.08092,0.2999997,417.1231
56.17097,0.2999997,417.343
56.24887,0.2999997,417.4243
56.35929,0.2999997,417.5373
56.54025,0.2999997,417.7172
56.62013,0.2999997,417.7944
56.72572,0.2999997,417.8927
56.79785,0.2999997,417.8204
56.87136,0.2999997,417.7467
56.94495,0.2999997,417.6729
61.897,0.2791691,419.7621
61.897,0.2791684,419.9152
61.897,0.2791685,420.0466
61.897,0.2791681,420.1698
61.897,0.2791681,420.3026
61.897,0.2791674,420.4244
61.897,0.2791678,420.5473
61.897,0.2791675,420.6706
61.897,0.2791668,420.7928
61.897,0.2791672,420.9108
61.897,0.2791668,421.0378
61.897,0.2791663,421.1534
61.897,0.2791667,421.2744
61.897,0.2791657,421.3862
61.98185,0.2791644,421.512
62.10789,0.2791651,421.5795
62.20183,0.2791654,421.6299
62.33369,0.2791635,421.7006
62.42703,0.2791625,421.7506
62.5599,0.2791636,421.8218
62.65293,0.2791641,421.8716
62.79422,0.2791621,421.9472
62.89063,0.2791615,421.9987
62.897,0.2791625,422.1216
62.897,0.2791609,422.2498
62.897,0.2791618,422.3757
62.897,0.2791605,422.5045
62.897,0.2791609,422.629
62.897,0.2791601,422.756
62.897,0.2791607,422.8781
62.897,0.2791602,423.01
62.897,0.2791604,423.1324
62.897,0.2791601,423.2573
62.897,0.279161,423.3746
62.897,0.2791615,423.5157
62.897,0.2791589,423.6321
62.897,0.2791605,423.7466
62.897,0.2791604,423.8627
62.897,0.2791612,423.972
62.897,0.2791607,424.0828
71.937,0.2791613,424.1888
71.937,0.2791612,424.2997
71.937,0.2791617,424.4105
71.937,0.2791592,424.519
71.937,0.2791596,424.6239
71.937,0.2791584,424.7342
71.937,0.2791626,424.8878
71.937,0.2791771,425.0049
71.937,0.2792065,425.1173
71.937,0.2792228,425.2218
72.13741,0.2791708,425.2311
72.44536,0.2791625,425.2452
72.57384,0.2791627,425.2557
72.7141,0.2791601,425.2699
72.81353,0.2791627,425.2837
72.937,0.2791654,425.3035
72.937,0.2791721,425.4268
72.937,0.2791791,425.5948
72.937,0.279182,425.7318
72.937,0.2791851,425.9337
72.937,0.2791848,426.0684
75.25771,0.2791862,428.3065
75.65639,0.2791865,428.3065
75.77028,0.2791865,428.3065
75.89638,0.2791865,428.3065
76.01019,0.2791865,428.3065
76.38083,0.2791865,428.3065
76.49027,0.2791861,428.3065
76.60956,0.2791854,428.3065
76.71638,0.2791861,428.3065
77.09213,0.2791867,428.3065
77.22043,0.2791846,428.3065
77.39725,0.2791859,428.3065
77.73885,0.279186,428.3065
77.84596,0.2791848,428.3157
77.92138,0.2791849,428.4067
78.0189,0.2791855,428.5269
78.08823,0.2791851,428.6159
78.33643,0.2791851,428.9484
78.43806,0.2791852,429.0924
78.50158,0.2791851,429.1863
78.5873,0.2791845,429.3065
78.87041,0.2791842,429.3065
79.02956,0.2791842,429.3065
79.15072,0.2791839,429.3065
79.26257,0.2791842,429.3065
79.37493,0.2791832,429.3065
79.48545,0.2791835,429.3065
79.59171,0.2791821,429.3065
79.72449,0.2791829,429.3065
79.82648,0.2791825,429.3065
79.94543,0.2791826,429.3065
80.06692,0.2791822,429.3065
80.1973,0.2791822,429.3065
80.30998,0.279182,429.3065
80.37958,0.3,438.487
80.48285,0.3,438.487
80.37139,0.3,438.487
80.31237,0.3,438.6186
80.29543,0.3,438.728
80.26701,0.3,438.9097
80.24077,0.3,439.0645
80.22195,0.3,439.1743
80.19099,0.3,439.3423
80.16943,0.3,439.4576
80.05571,0.3,439.487
79.9531,0.3,439.487
79.84863,0.3,439.487
79.72279,0.3,439.487
79.60034,0.3,439.487
79.45115,0.3,439.487
79.31326,0.3,439.487
79.19189,0.3,439.487
79.07858,0.3,439.487
78.9689,0.3,439.487
78.84615,0.3,439.487
78.58707,0.3,439.487
78.41729,0.3,439.487
78.27466,0.3,439.487
74.66234,0.3,448.9982
74.74855,0.3,449.0769
74.84087,0.3,449.1611
74.92799,0.3,449.2406
75.0036,0.3,449.3096
75.05191,0.3,449.4135
74.93604,0.3,449.5575
74.67336,0.3,449.8813
74.53866,0.3,450.046
74.44904,0.3,450.1574
71.31358,0.3,458.397
71.172,0.3,458.397
71.02815,0.3,458.397
70.88669,0.3,458.397
70.74448,0.3,458.397
70.59219,0.3,458.397
70.45074,0.3,458.397
70.29742,0.3,458.397
70.14527,0.3,458.397
69.99386,0.3,458.397
69.84439,0.3,458.397
69.6893,0.3,458.397
69.53231,0.3,458.397
69.37341,0.3,458.397
69.18662,0.3,458.397
69.03322,0.3,458.397
68.87787,0.3,458.397
68.71909,0.3,458.397
68.55773,0.3,458.397
68.40078,0.3,458.397
68.22913,0.3,458.397
68.06882,0.3,458.397
67.90508,0.3,458.397
67.74406,0.3,458.397
67.57732,0.3,458.397
67.41034,0.3,458.397
67.23253,0.3,458.5905
67.1637,0.3,458.6789
67.06783,0.3,458.8022
66.99393,0.3,458.8976
66.89124,0.3,459.0304
66.79857,0.3,459.1508
66.7317,0.3,459.2376
66.66245,0.3,459.328
66.56292,0.3,459.397
66.40212,0.3,459.397
66.23382,0.3,459.397
66.06628,0.3,459.397
65.96465,0.3,459.397
65.79445,0.3,459.397
65.62695,0.3,459.397
65.46263,0.3,459.397
65.28769,0.3,459.397
65.11433,0.3,459.397
64.95172,0.3,459.397
64.7928,0.3,459.397
64.62672,0.3,459.397
64.47533,0.3,459.397
64.31042,0.3,459.397
64.14959,0.3,459.397
63.98246,0.3,459.397
61.43931,0.3,465.985
61.51838,0.3,466.0572
61.65223,0.3,466.1793
61.73456,0.3,466.2545
61.83988,0.3,466.3506
61.93495,0.3,466.4373
61.98487,0.3,466.6348
61.89806,0.3,466.8016
61.81281,0.3,466.9669
61.74903,0.3,467.0919
61.65789,0.3,467.2712
61.57459,0.3,467.4375
61.64996,0.3,467.5311
61.76569,0.3,467.6367
61.90449,0.3,467.7634
61.98344,0.3,467.8354
62.0674,0.3,467.912
62.18709,0.3,468.0213
62.27605,0.3,468.1025
62.36113,0.3,468.1801
62.54251,0.3,468.3457
62.65369,0.3,468.4471
62.84581,0.3,468.6225
62.92015,0.3,468.6903
63.03757,0.3,468.7975
59.37496,0.2791739,478.287
59.26757,0.2791747,478.287
59.16751,0.2791748,478.287
59.04726,0.2791815,478.287
59.1534,0.2791912,478.3628
59.18453,0.2792108,478.5174
59.20572,0.2792192,478.6186
59.23695,0.2792126,478.7529
59.29891,0.2792217,478.9959
59.36537,0.279213,479.2272
59.4752,0.2792116,479.287
59.60978,0.279206,479.287
59.73941,0.2791978,479.287
59.84348,0.2791975,479.287
59.97065,0.2791946,479.287
60.08434,0.2791919,479.287
60.21373,0.2791914,479.287
60.33918,0.279188,479.287
60.47429,0.2791892,479.287
60.6218,0.2791851,479.287
60.81355,0.2791865,479.287
60.92625,0.2791837,479.287
63.937,0.2791861,482.3861
63.937,0.2791851,482.4919
63.937,0.2791834,482.6118
63.937,0.2791852,482.7511
63.937,0.2791848,482.8538
63.937,0.2791829,482.9794
63.937,0.2791842,483.1121
63.937,0.2791827,483.3372
63.937,0.279184,483.5258
63.937,0.2791895,483.6357
63.937,0.2791888,483.7964
63.937,0.2792026,484.0735
63.937,0.2792059,484.2354
63.937,0.2791948,484.3806
63.937,0.2791964,484.5121
63.937,0.2791871,484.6438
63.937,0.2791888,484.7715
63.937,0.2790946,484.9028
64.01826,0.2809139,485.0249
64.14127,0.2939268,485.097
64.24097,0.300085,485.1537
64.3527,0.302425,485.2157
64.44206,0.3049628,485.2643
64.57034,0.3092527,485.3329
64.66137,0.310617,485.3799
64.77891,0.3116472,485.4397
64.937,0.3128614,485.5466
64.937,0.3121833,485.6481
64.937,0.3103547,485.7516
64.937,0.3074805,485.8518
64.937,0.3017876,485.9987
64.937,0.2968096,486.1263
64.937,0.2948307,486.2595
64.937,0.2926834,486.3796
64.937,0.2902384,486.4933
64.937,0.2877074,486.6119
64.937,0.2853926,486.723
64.937,0.2830491,486.8298
74.20207,0.2814229,486.8471
74.41923,0.2792223,486.7647
74.53118,0.279215,486.7717
74.66866,0.279202,486.7827
74.7933,0.2792053,486.7958
75.07735,0.279191,486.8351
75.20231,0.2791939,486.8595
75.20418,0.279182,487.0076
75.20557,0.279184,487.1183
75.20705,0.2791799,487.2355
75.20872,0.279198,487.3684
78.07333,0.2791946,488.4366
78.15319,0.2792015,488.3487
78.22749,0.2791979,488.2669
78.29826,0.2792019,488.189
78.43533,0.2791984,488.2575
78.56329,0.2792031,488.3624
78.68666,0.2792005,488.4709
78.80952,0.2791973,488.5881
78.91553,0.2792078,488.697
79.02306,0.2791975,488.8146
78.9818,0.2791887,488.9237
78.91431,0.2792027,488.9981
78.84138,0.2791905,489.0784
78.77294,0.2792113,489.1537
78.69478,0.2791959,489.2398
78.62687,0.2791913,489.3146
78.55218,0.2791861,489.3969
78.48206,0.279207,489.4741
78.40082,0.2791969,489.5635
80.34516,0.2791826,494.0437
80.44884,0.279195,494.0437
80.54938,0.2791908,494.0437
80.4669,0.2792033,494.1881
80.44051,0.2791866,494.3221
80.412,0.2791918,494.4546
80.36395,0.279193,494.6577
80.31744,0.2791815,494.8336
80.23956,0.2791804,495.0437
80.12553,0.2791826,495.0437
80.01442,0.2791838,495.0437
79.82542,0.2791709,495.0437
78.66799,0.2791702,497.6731
78.74963,0.2791719,497.7491
78.83273,0.2791745,497.8265
78.9104,0.2791757,497.8988
78.77785,0.2791724,498.2141
78.70207,0.2791746,498.3281
78.63367,0.2791748,498.4298
78.55025,0.2791716,498.552
78.394,0.2791723,498.7844
78.47344,0.2791696,498.8584
72.803,0.2791842,501.3729
72.803,0.2791736,501.5201
72.803,0.2791756,501.6571
72.803,0.2791686,501.8053
72.803,0.2791699,501.948
72.803,0.2791663,502.0946
72.803,0.2791666,502.2472
72.803,0.2791654,502.4158
72.803,0.2791642,502.5687
72.803,0.2791644,502.7132
72.803,0.2791629,502.8707
72.803,0.2791635,503.0259
72.803,0.2791629,503.1951
72.803,0.2791629,503.3436
72.803,0.2791627,503.4973
72.803,0.2791626,503.6519
72.803,0.2791623,503.8116
72.803,0.2791633,503.968
72.803,0.2791624,504.0739
72.803,0.279164,504.2369
72.803,0.2791628,504.3998
72.70349,0.2791639,504.5523
72.6216,0.2791638,504.6199
72.49989,0.2791627,504.7201
72.42117,0.2791632,504.7842
72.30865,0.2791641,504.8755
72.23024,0.2791638,504.9386
72.10593,0.2791627,505.0384
72.02547,0.2791631,505.1022
71.9099,0.2791635,505.1938
71.82436,0.2791631,505.2609
71.803,0.2791628,505.4257
71.803,0.2791625,505.6139
71.803,0.2791626,505.7773
71.803,0.2791622,505.9465
71.803,0.2791637,506.0988
71.803,0.2791583,506.259
71.803,0.2791666,506.4047
71.803,0.2791583,506.5561
71.803,0.2791632,506.7068
71.803,0.2791609,506.8584
71.803,0.2791633,507.0135
71.803,0.279173,507.1517
71.803,0.2791773,507.2776
71.803,0.2791863,507.4146
71.803,0.2791769,507.5435
71.803,0.2791946,507.6651
71.803,0.2791881,507.7849
71.803,0.2791892,507.9017
71.803,0.2791928,508.014
71.803,0.2791859,508.1222
71.803,0.279202,508.2247
71.803,0.2791948,508.37
61.46688,0.2792081,513.2853
61.36638,0.279157,513.1849
61.27898,0.2791645,513.0975
61.1882,0.2791694,513.0067
61.11709,0.2791604,512.9355
61.01896,0.2791645,512.8375
60.94231,0.2791607,512.7608
60.86524,0.2791644,512.6837
60.78162,0.2791664,512.6001
60.69669,0.2791682,512.5152
60.59303,0.279165,512.4115
60.45387,0.279166,512.2723
60.36466,0.2791612,512.1832
60.28625,0.2791485,512.1047
60.16464,0.2791472,511.9831
60.08932,0.2791536,511.9078
59.92272,0.2791601,511.7412
59.7462,0.2791658,511.737
59.65302,0.2791668,511.7906
59.28831,0.2791712,512.0097
59.13933,0.2791719,512.1052
59.04892,0.2791728,512.1647
58.93944,0.2791744,512.1721
58.86574,0.279177,512.0984
58.94165,0.279177,512.1744
59.01743,0.2791772,512.2501
59.09977,0.2791771,512.3325
59.19862,0.2791765,512.4313
54.57964,0.2791781,523.737
54.45167,0.2791848,523.737
54.34217,0.2791896,523.737
54.2378,0.2791961,523.737
54.10702,0.2792029,523.737
53.97511,0.2792099,523.737
53.84401,0.2792169,523.737
53.72746,0.2792037,523.737
53.61118,0.2791893,523.737
53.50462,0.2791792,523.737
53.40247,0.2791734,523.737
53.29705,0.2791707,523.737
53.17133,0.2791703,523.737
53.06458,0.2791683,523.737
52.95903,0.2791658,523.737
52.81692,0.2791652,523.737
52.7749,0.2791656,523.9302
52.7575,0.2791654,524.0826
52.74623,0.2791659,524.1953
52.71058,0.2791641,524.6066
52.7002,0.2791666,524.737
52.80774,0.279168,524.737
52.93015,0.2791666,524.737
52.94997,0.2791662,534.077
53.05157,0.2791657,534.077
53.21604,0.2791644,534.077
53.33074,0.2791639,534.077
53.47066,0.2791635,534.077
53.60283,0.2791633,534.077
53.75597,0.2791632,534.077
53.85774,0.2791626,534.077
54.04488,0.2791628,534.2991
54.11061,0.2791632,534.5128
54.17003,0.2791627,534.7017
54.21145,0.2791627,534.8308
54.27033,0.279163,535.0125
54.4263,0.2791626,535.077
54.55178,0.279162,535.077
54.6915,0.2791624,535.077
54.80534,0.2791623,535.077
54.91309,0.2791627,535.077
55.0285,0.2791624,535.077
55.1439,0.2791637,535.077
55.27821,0.2791638,535.077
55.40434,0.2791639,535.077
55.52483,0.2791636,535.077
55.6561,0.2791636,535.077
55.77723,0.279165,535.077
55.90662,0.2791644,535.077
56.03061,0.2791644,535.077
56.16875,0.2791637,535.077
56.30117,0.2791641,535.077
56.44058,0.279165,535.077
56.57765,0.2791647,535.077
56.73074,0.2791647,535.077
56.88679,0.2791644,535.077
57.04478,0.2791645,535.077
57.20315,0.2791663,535.077
57.3646,0.2791665,535.077
62.20071,0.2791662,546.6777
62.12413,0.2791671,546.7543
62.04794,0.2791755,546.8305
61.97024,0.2791861,546.9082
61.89857,0.2792023,546.9799
61.82542,0.2791753,547.053
61.9311,0.279166,547.0798
62.04586,0.2791656,547.1808
62.1268,0.2791654,547.2518
62.24162,0.2791654,547.3514
62.32066,0.2791652,547.4197
62.45366,0.2791647,547.5337
62.62775,0.279164,547.6649
62.70526,0.2791683,547.5874
62.78074,0.2791827,547.512
62.8652,0.2791774,547.4275
62.97424,0.2791721,547.3184
63.08033,0.2792044,547.2123
63.16298,0.2791661,547.1297
63.23873,0.2791605,547.054
63.33964,0.2791971,546.953
63.42399,0.2791802,546.8687
74.0122,0.2999999,551.1694
74.0122,0.2999999,551.28
74.0122,0.2999999,551.4821
74.0122,0.2999999,551.6148
74.0122,0.2999999,551.8221
74.0122,0.2999999,551.9474
74.0122,0.2999999,552.1659
74.0122,0.2999999,552.2936
74.0122,0.2999999,552.3999
74.0122,0.2999999,552.5626
74.0122,0.2999999,552.6956
74.0122,0.2999999,552.8041
74.0122,0.2999999,552.9064
74.0122,0.2999999,553.0167
74.0122,0.2999999,553.1301
74.0122,0.2999999,553.2415
74.0122,0.2999999,553.3545
74.0122,0.2999999,553.475
74.0122,0.2999999,553.5868
74.0122,0.2999999,553.7094
74.0122,0.2999999,553.8282
74.0122,0.2999999,553.9545
74.0122,0.2999999,554.0717
74.0122,0.2999999,554.1942
74.11638,0.2999999,554.3193
74.21364,0.2999999,554.3694
74.36591,0.2999999,554.4478
74.5094,0.2999999,554.5218
74.61026,0.2999999,554.5737
74.75762,0.2999999,554.6497
74.85588,0.2999999,554.7004
74.98753,0.2999999,554.7683
75.08636,0.2999999,554.8193
75.1403,0.2999999,554.9467
75.1403,0.2999999,555.0726
75.1403,0.2999999,555.2044
75.1403,0.2999999,555.3267
75.1403,0.2999999,555.462
75.1403,0.2999999,555.5844
75.1403,0.2999999,555.7155
75.1403,0.2999999,555.8397
75.1403,0.2999999,555.9684
75.1403,0.2999999,556.0938
75.1403,0.2999999,556.2286
75.1403,0.2999999,556.3527
75.1403,0.2999999,556.4835
75.1403,0.2999999,556.609
75.1403,0.2999999,556.7386
75.1403,0.2999999,556.8581
82.41484,0.2999998,559.7288
82.5065,0.2999998,559.6284
82.59174,0.2999998,559.535
82.689,0.2999998,559.4283
82.78402,0.2999998,559.3243
82.88876,0.2999998,559.2095
82.97875,0.2999998,559.1109
83.08175,0.2999998,558.998
83.17413,0.2999998,558.8968
83.24265,0.2999998,558.8217
83.31036,0.2999998,558.7476
83.42305,0.2999998,558.7703
83.53539,0.2999998,558.817
83.69793,0.2999998,558.8843
83.80913,0.2999998,558.9301
83.98267,0.2999998,559.0013
84.10784,0.2999998,559.0522
84.29279,0.2999998,559.1273
84.48594,0.2999998,559.0466
84.58566,0.2999998,558.9373
84.6665,0.2999998,558.8487
84.78588,0.2999998,558.7179
84.88204,0.2999998,558.6125
85.04153,0.2999998,558.4377
85.15451,0.2999998,558.314
85.24117,0.2999998,558.2191
85.35091,0.2999998,558.0988
85.45948,0.2999998,557.9798
85.63112,0.2999998,557.7917
85.74179,0.2999998,557.6705
85.83935,0.2999998,557.5636
86.00169,0.2999998,557.3857
96.157,0.279169,561.2269
96.157,0.2791717,561.3824
96.157,0.2791813,561.5173
96.157,0.2792292,561.4159
96.157,0.2801556,561.2977
96.157,0.2803433,561.1934
96.157,0.277437,561.088
96.16497,0.277642,560.963
96.27749,0.2803788,560.9085
96.38562,0.2785687,560.8545
96.49995,0.2797255,560.7956
96.61548,0.2790178,560.7339
96.7482,0.2790502,560.6599
96.86607,0.2794235,560.592
96.98848,0.27896,560.519
97.10596,0.279404,560.4468
97.157,0.2788662,560.3303
97.157,0.2789189,560.1923
97.157,0.279321,560.0619
97.157,0.2791121,559.9591
97.157,0.279224,559.8586
97.157,0.2792115,559.7394
97.157,0.2791347,559.6303
97.157,0.2792206,559.5177
97.157,0.2791177,559.3972
97.157,0.2792288,559.2772
97.157,0.2790945,559.139
97.157,0.2792462,559.0102
97.157,0.2790999,558.8749
97.157,0.2792394,558.7369
99.34465,0.2791811,556.591
99.52006,0.279188,556.591
99.81397,0.2791864,556.591
100.005,0.2791351,556.591
100.1565,0.2791971,556.591
100.312,0.2791491,556.591
100.4591,0.2791871,556.591
100.6209,0.2791582,556.591
100.772,0.2791776,556.591
100.9247,0.2791633,556.591
101.0742,0.2791728,556.591
101.2494,0.2791698,556.5525
101.3131,0.2791793,556.4716
101.4017,0.2791657,556.3568
101.4646,0.2791594,556.275
101.5536,0.2791707,556.1574
101.6155,0.2791744,556.075
101.7036,0.2791644,555.9561
101.7653,0.2791626,555.8719
101.8474,0.2791703,555.7587
101.908,0.2791714,555.6743
101.9952,0.2791642,555.5513
102.0574,0.2791642,555.4625
102.2024,0.2791691,555.4394
102.3598,0.2791658,555.4394
102.5405,0.2791656,555.4394
102.7372,0.2791689,555.4394
102.8955,0.2791657,555.4394
103.165,0.2791662,555.4394
103.2685,0.2791675,555.4394
103.421,0.2791665,555.4394
103.6176,0.2791651,555.4394
103.7722,0.2791675,555.4394
103.9042,0.2791665,555.4394
104.0866,0.2791659,555.4394
104.2406,0.2791671,555.4394
104.4275,0.2791677,555.4394
104.5525,0.2791673,555.4394
104.6603,0.2791681,555.4394
104.8158,0.2791687,555.4394
104.9197,0.2791687,555.4394
105.086,0.2791693,555.4394
105.1958,0.2791699,555.4394
105.3375,0.2791706,555.4394
105.3791,0.279171,540.853
105.5312,0.2791719,540.853
105.4272,0.27918,540.853
105.3264,0.2791728,540.853
105.2113,0.2791714,540.853
105.0798,0.2791723,540.853
104.9712,0.2791787,540.853
104.8327,0.2791825,540.853
104.6879,0.2791631,540.853
104.5591,0.2791589,540.853
104.4223,0.2791585,540.7949
104.3891,0.2791575,540.6962
104.3434,0.279155,540.5588
104.3101,0.2791559,540.4517
104.263,0.279157,540.2977
104.2226,0.2791566,540.1567
104.1942,0.2791567,540.0556
104.1559,0.2791582,539.9106
104.068,0.2791591,539.853
103.9593,0.2791618,539.853
103.8409,0.2791654,539.853
103.7267,0.2791669,539.853
103.6406,0.279167,530.973
103.7454,0.2791631,530.973
103.8617,0.2791607,530.973
103.9023,0.2791607,530.8665
103.9218,0.2791604,530.6731
103.9666,0.27916,530.2396
103.9924,0.27916,529.9969
104.0994,0.2791589,529.973
104.2247,0.2791585,529.973
104.3803,0.279158,529.973
104.526,0.2791595,529.973
104.5875,0.2791608,521.023
104.7087,0.279159,521.023
104.8111,0.2791593,521.023
104.9226,0.2791609,521.023
105.0232,0.2791668,521.023
105.0438,0.2791615,520.8157
105.0733,0.2791601,520.291
105.0836,0.2791615,520.1035
105.1513,0.2791594,520.023
105.2522,0.2791593,520.023
105.2666,0.2791612,511.293
105.1601,0.2791611,511.293
105.1183,0.2791623,511.1124
105.1063,0.2791609,510.9815
105.0886,0.2791632,510.8012
105.0754,0.2791642,510.6696
105.0556,0.279162,510.482
105.0411,0.2791613,510.348
104.9467,0.2791622,510.293
104.8342,0.2791618,510.293
104.7159,0.2791617,510.293
104.6094,0.2791616,510.293
104.4789,0.2791634,510.293
104.3463,0.2791626,510.293
104.2444,0.3,501.103
104.1263,0.3,501.103
104.0148,0.3,501.103
103.879,0.3,501.103
103.7431,0.3,501.103
103.617,0.3,501.103
103.4703,0.3,501.103
103.3374,0.3,501.103
103.1845,0.3,501.103
103.0284,0.3,501.103
102.918,0.3,501.103
102.7325,0.3,500.6747
102.6449,0.3,500.4404
102.5777,0.3,500.2632
102.5285,0.3,500.1364
102.363,0.3,500.103
102.2159,0.3,500.103
101.9881,0.3,500.103
101.8396,0.3,500.103
101.5506,0.3,500.103
101.3823,0.3,500.103
101.1059,0.3,500.103
100.9444,0.3,500.103
100.6414,0.3,500.103
100.4621,0.3,500.103
97.00257,0.3000001,492.2272
97.08529,0.3000001,492.1353
97.24206,0.3000001,491.9612
97.33116,0.3000001,491.8623
97.47478,0.3000001,491.7029
97.56889,0.3000001,491.5983
97.7131,0.3000001,491.4382
97.799,0.3000001,491.3428
97.93984,0.3000001,491.1864
97.91072,0.3000001,490.9689
97.83225,0.3000001,490.8262
97.59237,0.3000001,490.3915
97.49215,0.3000001,490.2107
97.56721,0.3000001,490.1059
97.68363,0.3000001,489.9766
97.76746,0.3000001,489.8835
97.83464,0.3000001,489.809
97.93558,0.3000001,489.6969
98.02537,0.3000001,489.5972
98.12907,0.3000001,489.482
98.22782,0.3000001,489.3724
98.31562,0.3000001,489.2749
98.41628,0.3000001,489.1631
98.48439,0.3000001,489.0875
95.0304,0.2791517,481.423
94.88207,0.2791567,481.423
94.74229,0.2791557,481.423
94.60577,0.2791583,481.423
94.47333,0.2791581,481.423
94.34732,0.2791582,481.423
94.22162,0.2791597,481.423
94.08206,0.2791609,481.423
93.96886,0.2791626,481.423
93.8605,0.2791634,481.423
93.75558,0.2791638,481.423
93.65339,0.279164,481.423
93.51552,0.2791646,481.423
93.37542,0.2791655,481.423
93.2476,0.2791684,481.3561
93.2164,0.2791686,481.2335
93.17651,0.279168,481.0671
93.14584,0.279168,480.937
93.1021,0.2791698,480.7401
93.07398,0.2791701,480.6085
93.0404,0.2791684,480.4448
92.92924,0.2791684,480.423
92.8187,0.2791708,480.423
92.70759,0.2791698,480.423
92.60963,0.2791665,471.423
92.71005,0.2791644,471.423
92.82573,0.2905557,471.423
92.92773,0.2854289,471.2276
92.95602,0.2885005,471.0137
92.98252,0.2931914,470.8159
93.01112,0.2938351,470.6147
93.03086,0.2936572,470.475
93.12608,0.2940809,470.423
93.27832,0.2956436,470.423
93.40173,0.2965873,470.423
93.52775,0.2975956,470.423
93.67035,0.2990649,470.423
93.77529,0.3000543,470.423
93.81786,0.3006049,461.503
93.95863,0.3019058,461.503
94.06711,0.3029804,461.503
94.20717,0.3043119,461.503
94.37831,0.3059562,461.503
94.49215,0.3070669,461.503
94.62968,0.2940124,461.503
94.73636,0.2934405,461.3958
94.77429,0.2912117,461.2005
94.85784,0.2794815,460.7495
94.8959,0.2764822,460.5235
95.00422,0.2782399,460.503
95.10619,0.2796052,460.503
95.21239,0.2801803,460.503
95.32654,0.2788284,460.503
95.43656,0.278752,460.503
95.47464,0.2788987,451.5474
95.40483,0.2791872,451.475
95.39283,0.2792038,451.3473
95.37437,0.2791273,451.1434
95.36329,0.2791397,451.0159
95.34943,0.2791915,450.8534
95.33857,0.2791795,450.7214
95.3237,0.2791266,450.5474
95.2177,0.279174,450.5474
95.11392,0.2791609,450.5474
95.05812,0.2791641,441.5474
94.95459,0.2791553,441.5474
94.85368,0.2791565,441.5474
94.81275,0.2791616,441.3058
94.80753,0.279162,441.1761
94.79988,0.2791622,440.9836
94.79289,0.2791609,440.7907
94.77935,0.2791607,440.5474
94.78446,0.2791589,431.5474
94.79836,0.2791617,431.3381
94.80285,0.2791588,430.8496
94.80535,0.2791617,430.6306
94.86295,0.2791588,430.5474
94.8833,0.2791601,421.5474
94.85278,0.2791592,421.3214
94.84464,0.2791651,421.1439
94.83871,0.279168,421.0195
94.82877,0.2791619,420.8392
94.8218,0.2791593,420.7183
94.81105,0.2791644,420.5516
94.70012,0.2791635,420.5474
94.5924,0.2791607,420.5474
94.47778,0.2791631,420.5474
94.37768,0.2791637,420.5474
94.26505,0.2791637,420.5474
94.1667,0.279165,411.1474
94.03265,0.2791647,411.1474
93.92072,0.2791622,411.1474
93.73547,0.279162,411.1474
93.634,0.2791611,411.1474
93.44545,0.2791605,411.1474
93.33837,0.2791594,411.1474
93.1353,0.2791599,411.1474
93.02275,0.2791597,411.1364
92.98251,0.2791605,410.9935
92.92521,0.2791632,410.7915
92.78907,0.2791612,410.3229
92.7265,0.2791606,410.1474
92.61148,0.2791601,410.1474
92.41943,0.2791601,410.1474
92.29527,0.2791611,410.1474
92.17886,0.2791601,410.1474
92.01907,0.2791622,410.1474
91.89233,0.2791611,410.1474
91.75506,0.2791608,410.1474
91.53549,0.2791628,410.1474
91.39182,0.2791612,410.1474
91.2693,0.2791618,410.1474
91.08296,0.2791609,410.1474
90.92594,0.2791629,410.1474
90.63853,0.2791612,410.1474
90.48145,0.2791628,410.1474
90.34803,0.279163,410.1474
90.05008,0.2791627,410.1474
89.94617,0.2791624,410.1474
89.79987,0.2791631,410.1474
84.4689,0.2791635,397.0568
84.5405,0.279165,396.9852
84.6312,0.2791666,396.8945
84.731,0.2791701,396.7947
84.80325,0.2791685,396.7224
84.88181,0.2791684,396.6439
84.95999,0.2791716,396.5657
85.04094,0.2791682,396.4847
85.1174,0.2791664,396.4083
85.08985,0.2791653,396.2679
85.00363,0.279165,396.1809
84.88417,0.2791653,396.0613
84.79768,0.2791661,395.9756
84.65812,0.2791664,395.8386
84.56658,0.279166,395.7499
84.46174,0.279165,395.6497
84.38724,0.2791652,395.7242
84.30602,0.2791655,395.8055
84.23424,0.2791651,395.8772
84.14501,0.2791653,395.9665
84.06426,0.2791647,396.0472
83.97221,0.2791647,396.1393
83.87193,0.2791652,396.2395
83.79764,0.2791674,396.3138
83.70846,0.2791677,396.403
70.81274,0.2791675,391.1623
70.81274,0.2791694,391.0262
70.81274,0.2791688,390.7388
70.81274,0.27917,390.5688
70.81274,0.2791696,390.4427
70.81274,0.279174,390.2351
70.81274,0.2791723,390.104
70.81274,0.2791737,389.9979
70.81274,0.2791752,389.8598
70.81274,0.2791745,389.7588
70.81274,0.2791786,389.5733
70.81274,0.2791816,389.467
70.81274,0.2791895,389.3643
70.65948,0.2791818,389.2833
70.46981,0.2791792,389.2892
70.29979,0.2791767,389.2959
70.10886,0.279179,389.3058
69.98089,0.2791784,389.3139
69.81274,0.2791772,389.3488
69.81274,0.2791737,389.4858
69.81274,0.2791736,389.6006
69.81274,0.2791729,389.7363
69.81274,0.2791726,389.8569
69.81274,0.2791728,389.9904
69.81274,0.2791719,390.1457
69.81274,0.2791719,390.2947
69.81274,0.2791718,390.431
69.81274,0.2791712,390.5418
69.81274,0.2791717,390.6521
69.81274,0.2791708,390.7716
69.81274,0.2791721,390.8907
69.81274,0.2791709,391.0181
69.81274,0.2791716,391.1473
69.81274,0.2791707,391.2817
69.81274,0.2791717,391.4118
69.81274,0.2791714,391.5532
69.81274,0.2791716,391.7019
69.81274,0.2791712,391.8552
69.81274,0.2791722,392.0045
55.56216,0.2791714,397.9254
55.46936,0.2791713,397.8326
55.38972,0.2791717,397.7529
55.30968,0.2791754,397.6729
55.38495,0.279174,397.7481
55.46442,0.2791749,397.8276
55.55579,0.2791745,397.919
55.62582,0.2791736,398.0455
55.55867,0.2791731,398.1588
55.47102,0.2791719,398.3077
55.40355,0.2791722,398.4256
55.30807,0.2791728,398.5936
55.2169,0.2791716,398.7596
55.15192,0.2791716,398.879
55.19419,0.2791744,398.9716
55.30365,0.2791735,399.0811
55.40975,0.2791718,399.1872
55.51439,0.2791714,399.2918
55.59801,0.2791715,399.3754
55.68143,0.279171,399.4588
55.7709,0.2791738,399.5483
55.85986,0.2791713,399.6373
55.96488,0.2791731,399.7423
56.0709,0.2791711,399.8483
56.18716,0.2791715,399.9646
56.35157,0.2791716,400.129
56.4473,0.2791732,400.2247
56.5757,0.2791716,400.3531
56.75123,0.2791716,400.5286
56.83744,0.2791718,400.6148
56.91871,0.2791722,400.6961
57.00171,0.2791709,400.7791
57.2637,0.279171,401.0411
57.35915,0.2791751,401.1366
52.88217,0.2999998,412.377
52.77834,0.2999998,412.377
52.90078,0.2999998,412.377
53.00395,0.2999998,412.377
53.1319,0.2999998,412.377
53.25173,0.2999998,412.377
53.38684,0.2999998,412.7813
53.45021,0.2999998,413.0021
53.49693,0.2999998,413.1551
53.55579,0.2999998,413.3438
53.73328,0.2999998,413.377
53.87089,0.2999998,413.377
53.99327,0.2999998,413.377
54.21106,0.2999998,413.377
54.35946,0.2999998,413.377
56.01662,0.2999997,417.1876
55.92863,0.2999997,417.2758
55.84561,0.2999997,417.3591
55.76619,0.2999997,417.4387
55.69534,0.2999997,417.5098
55.77846,0.2999997,417.6494
55.89979,0.2999997,417.7902
56.01859,0.2999997,417.9214
56.13397,0.2999997,418.0428
56.24251,0.2999997,418.1517
56.33816,0.2999997,418.2435
56.42982,0.2999997,418.1894
56.50358,0.2999997,418.1155
56.57429,0.2999997,418.0446
61.897,0.2791718,420.1975
61.897,0.2791687,420.3086
61.897,0.2791703,420.4224
61.897,0.2791688,420.5308
61.897,0.2791694,420.6407
61.897,0.2791681,420.7503
61.897,0.2791686,420.8731
61.897,0.279168,420.98
61.897,0.2791683,421.0891
61.897,0.2791678,421.1975
61.897,0.2791679,421.3087
61.897,0.2791676,421.4158
61.897,0.2791675,421.5269
61.897,0.279167,421.6353
61.897,0.2791667,421.7625
61.897,0.279165,421.8702
62.07742,0.2791656,421.9751
62.31454,0.2791634,422.0906
62.67146,0.279164,422.2649
62.86042,0.2791618,422.3572
62.897,0.279163,422.471
62.897,0.279161,422.5903
62.897,0.2791604,422.769
62.897,0.2791615,422.9116
62.897,0.2791606,423.0394
62.897,0.2791601,423.2149
62.897,0.2791608,423.3603
62.897,0.27916,423.4815
62.897,0.2791618,423.6601
62.897,0.2791613,423.7849
62.897,0.2791588,423.8994
62.897,0.2791605,424.0605
62.897,0.2791607,424.188
62.897,0.2791607,424.2973
71.937,0.2791606,424.4556
71.937,0.2791613,424.5729
71.937,0.2791609,424.7798
71.937,0.2791653,424.9063
71.937,0.2791836,425.0748
71.937,0.2792165,425.1953
72.25192,0.2791578,425.1805
72.41406,0.2791514,425.183
72.55405,0.2791578,425.1882
72.65501,0.2791583,425.194
72.937,0.2791622,425.2349
72.937,0.2791759,425.3518
72.937,0.2791793,425.4722
72.937,0.2791811,425.5886
72.937,0.2791837,425.7063
72.937,0.2791857,425.821
72.937,0.2791845,425.9213
75.38351,0.2791848,428.3065
75.49722,0.2791869,428.3065
75.71104,0.2791853,428.3065
75.9045,0.2791878,428.3065
76.10746,0.2791858,428.3065
76.29517,0.2791874,428.3065
76.48734,0.2791862,428.3065
76.59332,0.2791868,428.3065
76.78808,0.2791861,428.3065
76.97607,0.2791868,428.3065
77.1584,0.2791854,428.3065
77.32944,0.2791862,428.3065
77.50442,0.2791856,428.3065
77.67076,0.2791761,428.3065
77.85139,0.2791772,428.3065
78.01824,0.2791848,428.3065
78.11855,0.2791794,428.3065
78.28163,0.2791829,428.3065
78.44929,0.2791789,428.484
78.51411,0.2791795,428.5636
78.59956,0.2791846,428.6707
78.66252,0.2791841,428.7521
78.76532,0.2791795,428.8876
78.84073,0.2791827,428.9922
78.94073,0.2791842,429.1335
79.03687,0.279181,429.2738
79.1866,0.2791853,429.3065
79.3497,0.2791837,429.3065
79.52743,0.2791829,429.3065
79.67065,0.2791849,429.3065
79.80364,0.2791845,429.3065
79.9292,0.2791834,429.3065
80.06533,0.2791846,429.3065
80.21281,0.2791841,429.3065
80.34032,0.2791843,429.3065
80.44244,0.2791833,429.3065
80.5642,0.2791836,429.3065
80.6722,0.2791834,429.3065
80.74789,0.3,438.487
80.63035,0.3,438.487
80.52524,0.3,438.487
80.42313,0.3,438.487
80.29814,0.3,438.487
80.25264,0.3,438.6092
80.208,0.3,438.7607
80.17894,0.3,438.8578
80.13741,0.3,438.9948
80.10665,0.3,439.0941
79.991,0.3,439.4578
79.85084,0.3,439.487
79.6756,0.3,439.487
79.56103,0.3,439.487
79.36713,0.3,439.487
79.23084,0.3,439.487
79.1237,0.3,439.487
78.8995,0.3,439.487
78.76968,0.3,439.487
78.64651,0.3,439.487
78.44034,0.3,439.487
78.30231,0.3,439.487
78.1666,0.3,439.487
77.94268,0.3,439.487
77.78092,0.3,439.487
74.16747,0.3,448.5466
74.2552,0.3,448.6266
74.33434,0.3,448.6989
74.41452,0.3,448.772
74.48862,0.3,448.8397
74.57896,0.3,448.9221
74.65662,0.3,448.993
74.73143,0.3,449.0612
74.65651,0.3,449.2742
74.58682,0.3,449.3696
74.48057,0.3,449.514
74.41404,0.3,449.604
74.3175,0.3,449.7337
74.24924,0.3,449.825
74.18634,0.3,449.9176
74.26204,0.3,449.9867
74.33611,0.3,450.0543
71.09485,0.3,458.397
70.9504,0.3,458.397
70.81647,0.3,458.397
70.67918,0.3,458.397
70.53981,0.3,458.397
70.39732,0.3,458.397
70.25073,0.3,458.397
70.10181,0.3,458.397
69.96104,0.3,458.397
69.80185,0.3,458.397
69.64272,0.3,458.397
69.34183,0.3,458.397
69.15468,0.3,458.397
68.9903,0.3,458.397
68.74337,0.3,458.397
68.53874,0.3,458.397
68.36989,0.3,458.397
68.12389,0.3,458.397
67.92363,0.3,458.397
67.74776,0.3,458.397
67.48246,0.3,458.397
67.36551,0.3,458.397
67.19408,0.3,458.5764
67.1207,0.3,458.6743
67.013,0.3,458.8183
66.78098,0.3,459.13
66.66107,0.3,459.2918
66.55776,0.3,459.397
66.36973,0.3,459.397
66.11773,0.3,459.397
65.9892,0.3,459.397
65.88712,0.3,459.397
65.70049,0.3,459.397
65.41942,0.3,459.397
65.30373,0.3,459.397
65.09528,0.3,459.397
64.73625,0.3,459.397
64.61793,0.3,459.397
64.44609,0.3,459.397
64.10332,0.3,459.397
61.45214,0.3,465.9967
61.52708,0.3,466.0651
61.63312,0.3,466.1619
61.72087,0.3,466.2419
61.81892,0.3,466.3314
61.91394,0.3,466.4182
61.9965,0.3,466.4935
62.08895,0.3,466.5779
61.97671,0.3,466.8187
61.91824,0.3,466.9344
61.83704,0.3,467.0953
61.78072,0.3,467.2084
61.70544,0.3,467.3597
61.65063,0.3,467.4714
61.69594,0.3,467.5731
61.79052,0.3,467.6594
61.90125,0.3,467.7604
62.00277,0.3,467.8531
62.07693,0.3,467.9207
62.19365,0.3,468.0273
62.26788,0.3,468.095
62.34943,0.3,468.1695
62.42818,0.3,468.2413
62.50884,0.3,468.3149
62.58545,0.3,468.3849
62.67002,0.3,468.462
62.76257,0.3,468.5465
62.86179,0.3,468.6371
62.95746,0.3,468.7244
63.05963,0.3,468.8176
59.45836,0.2791709,478.287
59.35373,0.279172,478.287
59.24036,0.2791719,478.287
59.12181,0.2791799,478.287
59.24301,0.2792145,478.287
59.34649,0.2792191,478.4362
59.40447,0.2792206,478.6246
59.46935,0.2792189,478.8118
59.53598,0.2792216,478.9836
59.60674,0.2792198,479.1479
59.6763,0.2792237,479.287
59.82367,0.2792288,479.287
59.94959,0.27872,479.287
60.0772,0.2798544,479.287
60.17964,0.2805125,479.287
60.37317,0.2789364,479.287
60.48082,0.2797879,479.287
60.71704,0.2788983,479.287
60.84475,0.2794388,479.287
60.95964,0.2790713,479.287
61.1249,0.278938,479.287
61.27684,0.2792634,479.287
61.55954,0.2790986,479.287
63.937,0.2791589,481.7101
63.937,0.2790922,481.8643
63.937,0.2790826,482.104
63.937,0.2791903,482.265
63.937,0.2791365,482.5356
63.937,0.2791995,482.692
63.937,0.2791668,482.8267
63.937,0.2791506,483.0169
63.937,0.2791727,483.165
64.01694,0.2794445,483.4219
64.15495,0.2963074,483.4996
64.35299,0.2832165,483.6134
64.46287,0.2906972,483.6761
64.72635,0.2859416,483.8235
64.85062,0.2886373,483.8912
64.937,0.2849193,483.9541
64.937,0.2847233,484.0837
64.937,0.2835205,484.1902
64.937,0.281725,484.3069
64.937,0.2805446,484.4173
64.937,0.2799837,484.5284
64.937,0.2796201,484.6347
64.937,0.2795269,484.7644
64.937,0.2793964,484.8708
64.937,0.2792407,484.9974
64.937,0.2792005,485.1003
64.937,0.2791746,485.2091
64.937,0.2791692,485.3159
64.937,0.2791533,485.4414
64.937,0.2791546,485.5527
64.937,0.2791575,485.6677
64.937,0.2791611,485.7856
74.18909,0.2791641,485.8184
74.19056,0.2791643,485.9349
74.19204,0.2791633,486.0522
74.19359,0.2791618,486.1745
74.19511,0.2791611,486.2951
74.19681,0.2791633,486.4296
74.19831,0.2791631,486.5492
74.19978,0.279165,486.6652
74.20119,0.2791741,486.7773
74.20267,0.2791694,486.8944
74.3188,0.2791646,486.9359
74.41774,0.2791626,486.9537
74.56506,0.2791666,486.9825
74.66779,0.2791635,487.0027
75.06466,0.2791631,487.0797
75.20544,0.2791575,487.108
75.2077,0.2791657,487.2869
75.20937,0.2791661,487.4194
77.99324,0.2791686,488.5249
78.07453,0.2791672,488.4353
78.22443,0.2791724,488.2703
78.31336,0.2791803,488.1723
78.70193,0.2792036,488.3814
78.81248,0.2792078,488.4506
78.93094,0.2791981,488.5271
79.03804,0.2792118,488.6012
79.19495,0.2792106,488.689
79.11652,0.2792257,488.7754
79.04217,0.2792078,488.8573
78.96656,0.2791982,488.9405
78.87001,0.2792226,489.0468
78.73882,0.2791813,489.1913
80.86588,0.279198,494.0437
80.97406,0.279192,494.0437
80.93706,0.279187,494.1608
80.90334,0.2791803,494.3168
80.86779,0.2791856,494.4673
80.82713,0.2791816,494.6259
80.80038,0.2791838,494.724
80.75108,0.2791822,494.8954
80.70168,0.2791833,495.0437
80.58987,0.2791826,495.0437
80.46204,0.2791808,495.0437
80.33939,0.2791798,495.0437
80.23168,0.2791786,495.0437
80.0959,0.2791778,495.0437
78.91824,0.2791782,497.9061
78.99702,0.2791768,497.9795
79.08882,0.2791753,498.065
79.16882,0.2791902,498.1395
79.07969,0.2791815,498.2762
79.01132,0.2792034,498.3729
78.90068,0.2791746,498.5246
78.78977,0.2792189,498.6739
78.68466,0.2791695,498.8105
78.61366,0.2792105,498.9014
78.50417,0.2791763,498.887
72.803,0.2791741,501.381
72.803,0.2791705,501.6482
72.803,0.2791691,501.8139
72.803,0.2791668,502.1139
72.803,0.2791677,502.2186
72.803,0.2791663,502.38
72.803,0.2791651,502.6037
72.803,0.2791656,502.7169
72.803,0.2791644,502.8759
72.803,0.2791643,503.1097
72.803,0.2791648,503.2244
72.803,0.2791635,503.3258
72.803,0.2791641,503.6625
72.803,0.2791638,503.7883
72.803,0.2791641,503.8934
72.803,0.2791636,504.1533
72.70409,0.2791639,504.2731
72.56724,0.2791645,504.3786
72.43378,0.279164,504.4811
72.30702,0.2791633,504.5782
72.17805,0.2791642,504.6767
72.08675,0.2791639,504.7462
71.95449,0.2791629,504.8466
71.82924,0.2791638,504.9412
71.803,0.2791621,505.1249
71.803,0.2791632,505.2896
71.803,0.2791623,505.4005
71.803,0.2791627,505.5687
71.803,0.2791618,505.7447
71.803,0.2791622,505.8488
71.803,0.2791617,506.0221
71.803,0.2791612,506.1965
71.803,0.2791612,506.3037
71.803,0.2791616,506.474
71.803,0.2791612,506.5799
71.803,0.2791612,506.7519
71.803,0.2791609,506.936
71.803,0.2791609,507.0396
71.803,0.2791605,507.2194
71.803,0.2791605,507.4135
71.803,0.2791604,507.5221
71.803,0.2791603,507.6981
71.803,0.2791601,507.8016
71.803,0.2791602,507.9819
71.803,0.2791595,508.1755
71.803,0.2791598,508.2886
61.46429,0.279215,513.2828
61.39021,0.2791747,513.2087
61.30389,0.2791619,513.1224
61.21508,0.2791542,513.0336
61.11917,0.2791531,512.9377
61.02393,0.279154,512.8424
60.91899,0.2791557,512.7375
60.81067,0.2791563,512.6292
60.73915,0.279168,512.5576
60.65757,0.2791621,512.4761
60.46543,0.2791664,512.2839
60.34024,0.279168,512.1588
60.23122,0.279143,512.0497
60.12577,0.2791456,511.9442
59.984,0.27915,511.8025
59.87087,0.2791562,511.6894
59.55734,0.2791629,511.7072
59.35959,0.2791649,511.8115
59.18864,0.2791692,511.9054
58.84018,0.2791731,512.0729
58.76205,0.2791761,511.9948
58.67645,0.2791783,511.9091
58.76362,0.2791796,511.9963
58.84484,0.2791798,512.0775
58.92894,0.2791799,512.1616
59.01159,0.2791796,512.2443
54.17825,0.2791792,523.737
53.94337,0.279179,523.737
53.84221,0.2791779,523.737
53.54487,0.2791784,523.737
53.39137,0.2791783,523.737
53.24769,0.2791777,523.737
53.1041,0.2791783,523.737
52.98281,0.2791736,523.737
52.83894,0.279171,523.737
52.69602,0.2791693,523.737
52.57111,0.2791682,523.737
52.45022,0.2791668,523.737
52.34148,0.2791657,523.737
52.21758,0.2791671,523.737
52.19617,0.279167,523.839
52.16738,0.2791659,524.058
52.14517,0.2791688,524.2523
52.12815,0.2791687,524.4132
52.10762,0.2791649,524.6259
52.09304,0.2791685,524.737
52.19745,0.2791701,524.737
52.31166,0.2791692,534.077
52.41176,0.279169,534.077
52.52271,0.2791691,534.077
52.65109,0.2791675,534.077
52.7844,0.2791655,534.077
52.92576,0.279165,534.077
53.07848,0.2791648,534.077
53.17936,0.2791651,534.077
53.28671,0.2791653,534.077
53.41202,0.2791653,534.2103
53.46096,0.279165,534.3637
53.52665,0.279164,534.5658
53.57825,0.2791643,534.7202
53.64293,0.2791651,534.9116
53.71864,0.2791652,535.077
53.88715,0.2791646,535.077
54.06212,0.2791638,535.077
54.32339,0.279165,535.077
54.50467,0.279165,535.077
54.78371,0.279165,535.077
54.88877,0.2791651,535.077
55.07738,0.2791651,535.077
55.27457,0.2791641,535.077
55.39236,0.2791651,535.077
55.49719,0.2791651,535.077
55.81606,0.2791647,535.077
55.93999,0.2791642,535.077
56.04716,0.2791644,535.077
56.40493,0.2791648,535.077
56.53498,0.279166,535.077
56.65056,0.2791644,535.077
57.00074,0.2791659,535.077
61.99128,0.2791671,546.8871
61.87342,0.2791663,547.0051
61.78823,0.2791699,547.0902
61.71711,0.279176,547.1614
61.89106,0.2791677,547.3085
62.03868,0.2791803,547.4384
62.14494,0.2791784,547.5305
62.30327,0.2791764,547.6666
62.4448,0.2791779,547.7867
62.54849,0.2791717,547.7442
62.62315,0.2791856,547.6696
62.70678,0.2791883,547.5859
62.78517,0.2791846,547.5075
62.87153,0.2791944,547.4211
62.95426,0.2791936,547.3384
63.04681,0.279205,547.2458
63.14528,0.2791649,547.1474
63.21693,0.2791875,547.0757
63.30063,0.2791944,546.9921
63.37704,0.2791995,546.9156
74.0122,0.2999999,551.2684
74.0122,0.2999999,551.3788
74.0122,0.2999999,551.5347
74.0122,0.2999999,551.6886
74.0122,0.2999999,551.7956
74.0122,0.2999999,551.9543
74.0122,0.2999999,552.1155
74.0122,0.2999999,552.2233
74.0122,0.2999999,552.3304
74.0122,0.2999999,552.5669
74.0122,0.2999999,552.7177
74.0122,0.2999999,552.9265
74.0122,0.2999999,553.072
74.0122,0.2999999,553.2449
74.0122,0.2999999,553.3896
74.0122,0.2999999,553.6538
74.0122,0.2999999,553.8231
74.0122,0.2999999,554.1089
74.05737,0.2999999,554.2667
74.45545,0.2999999,554.4669
74.65641,0.2999999,554.5682
74.80431,0.2999999,554.6428
74.97787,0.2999999,554.7305
75.1403,0.2999999,554.9406
75.1403,0.2999999,555.1077
75.1403,0.2999999,555.3338
75.1403,0.2999999,555.4552
75.1403,0.2999999,555.5582
75.1403,0.2999999,555.8645
75.1403,0.2999999,555.9803
75.1403,0.2999999,556.0894
75.1403,0.2999999,556.3222
75.1403,0.2999999,556.4305
75.1403,0.2999999,556.5325
75.1403,0.2999999,556.7668
75.1403,0.2999999,556.8688
82.45739,0.2999998,559.6821
82.61104,0.2999998,559.5138
82.69476,0.2999998,559.4221
82.81693,0.2999998,559.2882
82.9129,0.2999998,559.183
82.99595,0.2999998,559.092
83.0932,0.2999998,558.9855
83.18227,0.2999998,558.8879
83.26424,0.2999998,558.7981
83.36342,0.2999998,558.6894
83.47192,0.2999998,558.7085
83.67723,0.2999998,558.793
83.87195,0.2999998,558.8726
84.0134,0.2999998,558.9301
84.20255,0.2999998,559.0066
84.39668,0.2999998,559.0845
84.51106,0.2999998,559.019
84.59915,0.2999998,558.9225
84.68507,0.2999998,558.8284
84.78824,0.2999998,558.7153
84.89137,0.2999998,558.6023
84.98305,0.2999998,558.5018
85.08738,0.2999998,558.3875
85.19099,0.2999998,558.274
85.26624,0.2999998,558.1916
85.3717,0.2999998,558.076
85.48657,0.2999998,557.9501
85.58176,0.2999998,557.8458
85.68896,0.2999998,557.7284
85.79925,0.2999998,557.6075
85.86684,0.2999998,557.5334
85.98512,0.2999998,557.4039
86.05791,0.2999998,557.3241
96.157,0.2791668,561.1467
96.157,0.2791694,561.2592
96.157,0.2791723,561.3798
96.157,0.2791781,561.4847
96.157,0.2791922,561.3735
96.157,0.2792025,561.2452
96.33109,0.2792234,561.1727
96.71698,0.2792247,561.0551
96.89686,0.2792121,560.991
97.04669,0.2792228,560.9326
97.157,0.279219,560.8171
97.157,0.2792204,560.6866
97.157,0.2792307,560.4984
97.157,0.279208,560.3721
97.157,0.2791929,560.2307
97.157,0.279184,560.0703
97.157,0.2791804,559.8872
97.157,0.2791811,559.73
97.157,0.2791771,559.4715
97.157,0.2791778,559.2858
99.73608,0.2791776,556.591
99.85209,0.2791734,556.591
99.96966,0.2791778,556.591
100.2828,0.279175,556.591
100.3986,0.2791715,556.591
100.5086,0.2791747,556.591
100.7397,0.2791723,556.591
100.8629,0.2791719,556.591
101.0749,0.2791722,556.591
101.3007,0.2791709,556.591
101.4082,0.2791704,556.591
101.5086,0.2791694,556.591
101.7646,0.2791697,556.591
101.8845,0.2791691,556.591
101.9959,0.2791689,556.4688
102.0765,0.2791688,556.3572
102.3316,0.2791679,555.9951
102.4525,0.2791681,555.8181
102.5511,0.2791673,555.6713
102.6471,0.2791674,555.5249
102.7145,0.2791679,555.4394
102.869,0.2791673,555.4394
103.0481,0.2791674,555.4394
103.2007,0.2791668,555.4394
103.3524,0.2791674,555.4394
103.5031,0.279167,555.4394
103.6686,0.2791667,555.4394
103.8074,0.2791672,555.4394
103.9515,0.2791668,555.4394
104.0895,0.279167,555.4394
104.2401,0.2791671,555.4394
104.3782,0.2791668,555.4394
104.5003,0.2791674,555.4394
104.6388,0.2791673,555.4394
104.7674,0.279167,555.4394
104.8841,0.2791678,555.4394
105.0096,0.2791684,555.4394
105.1147,0.279167,555.4394
105.2643,0.279168,555.4394
105.4588,0.2791697,555.4394
105.5655,0.2791462,555.4394
105.5879,0.279281,540.853
105.4785,0.2791658,540.853
105.3609,0.2791699,540.853
105.2512,0.2791676,540.853
105.112,0.2791707,540.853
104.9621,0.2791709,540.853
104.8511,0.2791714,540.853
104.6809,0.2791544,540.853
104.5753,0.2791577,540.853
104.4135,0.2791526,540.853
104.2911,0.2791548,540.7529
104.2127,0.2791578,540.349
104.1805,0.2791599,540.1635
104.1483,0.279162,539.965
104.1214,0.2791593,539.853
104.0036,0.2791634,539.853
103.9362,0.2791636,530.973
104.0425,0.2791622,530.973
104.1867,0.2791596,530.973
104.2871,0.2791598,530.973
104.3281,0.2791592,530.7679
104.3512,0.2791597,530.567
104.3769,0.2791584,530.3457
104.3951,0.2791587,530.1913
104.4202,0.2791592,529.98
104.5368,0.2791583,529.973
104.6537,0.2791579,529.973
104.7731,0.2791593,529.973
104.8739,0.2791591,529.973
104.9594,0.2791594,521.023
105.0626,0.2791607,521.023
105.097,0.2791636,520.8281
105.0953,0.2791633,520.666
105.0933,0.2791625,520.4493
105.0916,0.2791616,520.2422
105.0907,0.2791613,520.0914
105.0757,0.2791591,511.293
104.9646,0.2791655,511.293
104.8929,0.2791613,510.7055
104.8727,0.2791636,510.4881
104.8502,0.2791623,510.293
104.7404,0.2791619,510.293
104.6066,0.279161,510.293
104.4825,0.2791635,510.293
104.3525,0.2791641,510.293
104.2521,0.2791634,510.293
104.0172,0.3,501.103
103.8971,0.3,501.103
103.7063,0.3,501.103
103.5848,0.3,501.103
103.4439,0.3,501.103
103.2991,0.3,501.103
103.1836,0.3,501.103
103.0534,0.3,501.103
102.94,0.3,501.103
102.8257,0.3,501.103
102.7006,0.3,500.9877
102.632,0.3,500.7975
102.5572,0.3,500.5944
102.5054,0.3,500.4557
102.4355,0.3,500.2704
102.3812,0.3,500.1295
102.2276,0.3,500.103
102.0929,0.3,500.103
101.9594,0.3,500.103
101.813,0.3,500.103
101.4854,0.3,500.103
101.3285,0.3,500.103
101.1583,0.3,500.103
100.9967,0.3,500.103
100.8406,0.3,500.103
100.6859,0.3,500.103
100.5053,0.3,500.103
100.3337,0.3,500.103
96.87664,0.3000001,492.367
96.95815,0.3000001,492.2765
97.0473,0.3000001,492.1775
97.12798,0.3000001,492.0879
97.21155,0.3000001,491.9951
97.29038,0.3000001,491.9076
97.37262,0.3000001,491.8163
97.4701,0.3000001,491.708
97.54797,0.3000001,491.6216
97.62926,0.3000001,491.5313
97.71043,0.3000001,491.4412
97.80904,0.3000001,491.3317
97.89334,0.3000001,491.2381
97.88802,0.3000001,491.0688
97.78881,0.3000001,490.8843
97.69373,0.3000001,490.7079
97.61774,0.3000001,490.5673
97.51321,0.3000001,490.3741
97.44306,0.3000001,490.2437
97.53479,0.3000001,490.1419
97.61285,0.3000001,490.0552
97.69631,0.3000001,489.9626
97.77392,0.3000001,489.8764
97.86349,0.3000001,489.7769
97.94148,0.3000001,489.6903
98.01646,0.3000001,489.6071
98.11041,0.3000001,489.5027
98.20621,0.3000001,489.3964
98.29994,0.3000001,489.2923
98.43648,0.3000001,489.1407
95.01982,0.2791512,481.423
94.83347,0.2791564,481.423
94.61241,0.2791603,481.423
94.42891,0.279157,481.423
94.22337,0.2791569,481.423
94.06276,0.2791605,481.423
93.80739,0.2791598,481.423
93.67726,0.2791632,481.423
93.45795,0.2791641,481.423
93.33756,0.2791676,481.423
93.21873,0.2791669,481.1622
93.15981,0.2791687,480.8961
93.1128,0.2791682,480.6662
93.02666,0.279169,480.423
92.85986,0.2791689,480.423
92.75008,0.2791689,480.423
92.69514,0.2791691,471.423
92.80598,0.2791637,471.423
92.91896,0.2817696,471.423
93.03918,0.2888907,471.3047
93.06899,0.2848481,471.0948
93.09045,0.2937933,470.9461
93.11974,0.3010165,470.7437
93.15109,0.2901036,470.5284
93.17323,0.2937483,470.423
93.28872,0.3001205,470.423
93.40387,0.2974969,470.423
93.52875,0.2963939,470.423
93.65565,0.2986246,470.423
93.79192,0.3009225,470.423
93.90063,0.3016907,470.423
93.97408,0.3015465,461.503
94.08772,0.3027823,461.503
94.20193,0.3040431,461.503
94.31464,0.3052555,461.503
94.41945,0.306403,461.503
94.53445,0.3075469,461.503
94.64749,0.3086525,461.503
94.75591,0.2879129,461.503
94.85982,0.2901055,461.3558
94.89575,0.2981426,461.1496
94.92206,0.2894186,461.0018
94.95618,0.2790275,460.8034
94.98841,0.2789012,460.5885
95.04729,0.2799808,460.503
95.16156,0.2788664,460.503
95.3082,0.2790379,460.503
95.42889,0.2790776,460.503
95.51256,0.2791397,451.5474
95.38177,0.2791675,451.4572
95.3593,0.2791661,451.2486
95.33502,0.2791515,451.0137
95.28531,0.2791483,450.5474
95.17436,0.279159,450.5474
95.05296,0.279159,450.5474
94.99028,0.2791584,441.5474
94.88989,0.2791619,441.5474
94.78484,0.2791641,441.5474
94.77259,0.2791612,441.4445
94.76665,0.279163,441.2474
94.76099,0.2791597,441.0375
94.75732,0.2791596,440.8907
94.75286,0.2791614,440.7003
94.75034,0.2791605,440.5474
94.80176,0.2791581,431.5474
94.81033,0.2791603,431.4323
94.81145,0.2791633,431.241
94.81245,0.2791637,431.0892
94.81407,0.2791598,430.8829
94.81539,0.2791606,430.7397
94.81721,0.2791621,430.5519
94.88651,0.2791579,421.5474
94.84645,0.2791607,421.2332
94.81824,0.2791591,420.7089
94.80235,0.2791647,420.5474
94.6826,0.2791622,420.5474
94.58259,0.2791607,420.5474
94.43555,0.2791633,420.5474
94.31612,0.2791635,420.5474
94.17009,0.2791639,420.5474
94.12741,0.2791632,411.1474
94.00153,0.2791627,411.1474
93.87302,0.2791624,411.1474
93.73839,0.2791611,411.1474
93.60718,0.2791614,411.1474
93.50032,0.2791602,411.1474
93.34827,0.2791594,411.1474
93.24757,0.2791615,411.1474
93.13183,0.2791609,411.1474
92.97479,0.2791625,411.1307
92.93092,0.279162,410.9777
92.86905,0.2791589,410.7637
92.81398,0.2791615,410.5762
92.76827,0.279162,410.4218
92.70663,0.2791588,410.2157
92.60528,0.279161,410.1474
92.49666,0.2791607,410.1474
92.36613,0.2791606,410.1474
92.25891,0.2791604,410.1474
92.1474,0.2791604,410.1474
92.0353,0.2791623,410.1474
91.91441,0.2791611,410.1474
91.77617,0.27916,410.1474
91.65752,0.2791613,410.1474
91.52448,0.279162,410.1474
91.39573,0.2791615,410.1474
91.24258,0.2791611,410.1474
91.10942,0.2791611,410.1474
90.96785,0.2791624,410.1474
90.80186,0.2791623,410.1474
90.65666,0.2791608,410.1474
90.51104,0.2791619,410.1474
90.35365,0.2791629,410.1474
90.17444,0.2791626,410.1474
90.01416,0.2791629,410.1474
89.85717,0.2791621,410.1474
89.68957,0.2791638,410.1474
84.36668,0.2791626,397.159
84.43977,0.2791643,397.0859
84.52153,0.279163,397.0042
84.62387,0.2791652,396.9018
84.73262,0.2791656,396.7931
84.81512,0.2791665,396.7106
84.88875,0.2791693,396.637
84.96693,0.2791682,396.5587
85.04743,0.2791668,396.4783
85.05302,0.279165,396.3563
84.89164,0.279166,396.194
84.74091,0.2791665,396.0445
84.40973,0.2791659,395.7243
84.32256,0.2791644,395.7889
84.25065,0.2791671,395.8608
84.17897,0.2791654,395.9325
84.09389,0.2791647,396.0176
83.99355,0.2791665,396.1179
83.86954,0.2791661,396.2419
83.78542,0.2791685,396.326
83.64199,0.2791667,396.4695
70.81274,0.2791679,391.2591
70.81274,0.2791667,391.0992
70.81274,0.2791688,390.9344
70.81274,0.2791704,390.7569
70.81274,0.2791684,390.6071
70.81274,0.2791698,390.4664
70.81274,0.2791711,390.3141
70.81274,0.2791702,390.1884
70.81274,0.2791729,390.0677
70.81274,0.2791745,389.945
70.81274,0.279176,389.8137
70.81274,0.2791772,389.7097
70.81274,0.2791796,389.5945
70.81274,0.2791901,389.4896
70.81274,0.2791834,389.386
70.57142,0.2791767,389.3833
70.39569,0.2791789,389.3905
70.25751,0.2791792,389.3969
70.04655,0.2791753,389.4091
69.90486,0.2791768,389.4194
69.81274,0.2791746,389.4646
69.81274,0.2791745,389.5723
69.81274,0.2791724,389.6996
69.81274,0.2791721,389.825
69.81274,0.2791719,389.9807
69.81274,0.2791715,390.1018
69.81274,0.2791718,390.2149
69.81274,0.2791714,390.3625
69.81274,0.2791713,390.5064
69.81274,0.2791707,390.666
69.81274,0.2791706,390.8059
69.81274,0.2791708,390.9595
69.81274,0.2791704,391.105
69.81274,0.2791708,391.3343
69.81274,0.2791706,391.4489
69.81274,0.279171,391.6362
69.81274,0.2791704,391.8755
69.81274,0.2791703,391.9983
69.81274,0.2791704,392.1067
55.68584,0.2791709,398.049
55.60812,0.279171,397.9713
55.51907,0.2791713,397.8823
55.4354,0.2791834,397.7986
55.51927,0.2791736,397.8825
55.65802,0.2791723,398.0212
55.75874,0.2791718,398.1219
55.82552,0.2791715,398.2381
55.71126,0.2791706,398.4384
55.62944,0.2791708,398.5851
55.52999,0.279171,398.7662
55.3713,0.2791707,399.1487
55.46296,0.2791701,399.2404
55.63361,0.2791696,399.411
55.75679,0.2791702,399.5342
55.85258,0.2791696,399.63
55.96553,0.2791697,399.743
56.06889,0.2791695,399.8463
56.17375,0.2791694,399.9511
56.28193,0.2791694,400.0593
56.39841,0.2791698,400.1758
56.53316,0.2791692,400.3106
56.66763,0.2791695,400.445
56.79006,0.2791695,400.5675
56.86736,0.2791717,400.6448
56.99602,0.2791698,400.7734
57.0756,0.279171,400.853
57.21562,0.2791704,400.993
57.35469,0.2791708,401.1321
57.43941,0.2791702,401.2168
57.59351,0.2791722,401.3709
53.16129,0.2999998,412.377
53.05967,0.2999998,412.377
53.16999,0.2999998,412.377
53.28718,0.2999998,412.377
53.4052,0.2999998,412.377
53.51048,0.2999998,412.377
53.62699,0.2999998,412.377
53.72829,0.2999998,412.377
53.8803,0.2999998,412.377
53.95184,0.2999998,412.4611
54.04927,0.2999998,412.6752
54.12,0.2999998,412.8233
54.17603,0.2999998,412.9436
54.2533,0.2999998,413.1043
54.33419,0.2999998,413.2656
54.47995,0.2999998,413.377
54.6345,0.2999998,413.377
54.75836,0.2999998,413.377
54.87515,0.2999998,413.377
55.08876,0.2999998,413.377
55.22268,0.2999998,413.377
55.35923,0.2999998,413.377
56.74306,0.2999997,416.4592
56.65554,0.2999997,416.547
56.58492,0.2999997,416.6178
56.6896,0.2999997,416.7727
56.94381,0.2999997,417.0546
57.07599,0.2999997,417.1957
57.16267,0.2999997,417.2861
57.24502,0.2999997,417.372
57.31744,0.2999997,417.2994
61.897,0.2791708,419.2274
61.897,0.2791643,419.3986
61.897,0.2791686,419.4999
61.897,0.2791655,419.6727
61.897,0.279169,419.8536
61.897,0.2791663,419.9573
61.897,0.2791685,420.133
61.897,0.2791659,420.303
61.897,0.2791677,420.4054
61.897,0.2791651,420.5733
61.897,0.2791673,420.6798
61.897,0.2791649,420.8466
61.94279,0.2791668,421.018
62.09053,0.2791628,421.1074
62.202,0.2791635,421.1747
62.36859,0.279167,421.2754
62.81564,0.2791649,421.5442
62.897,0.2791616,421.6424
62.897,0.2791633,421.841
62.897,0.2791601,422.0038
62.897,0.2791617,422.1063
62.897,0.2791593,422.2679
62.897,0.2791605,422.4363
62.897,0.27916,422.6052
62.897,0.2791601,422.7125
62.897,0.279161,422.8787
62.897,0.2791607,423.0619
62.897,0.2791637,423.2198
62.897,0.2791616,423.3717
62.897,0.2791613,423.5448
62.897,0.279161,423.6908
62.897,0.2791615,423.8315
71.937,0.2791612,423.9985
71.937,0.2791615,424.1382
71.937,0.2791604,424.2729
71.937,0.27916,424.4317
71.937,0.2791579,424.5714
71.937,0.2791682,424.6979
71.937,0.2791788,424.8293
71.937,0.2791893,424.962
71.937,0.2792119,425.0633
71.937,0.2792171,425.1725
72.03907,0.2791701,425.2258
72.17798,0.2791673,425.2387
72.34124,0.2791649,425.2563
72.6618,0.2791624,425.3024
72.82799,0.279164,425.3353
72.937,0.2791657,425.3623
72.937,0.279176,425.4936
72.937,0.2791759,425.5974
72.937,0.2791803,425.7871
72.937,0.2791795,425.9344
72.937,0.279182,426.1917
75.06078,0.2791815,428.3065
75.29083,0.2791828,428.3065
75.40977,0.2791824,428.3065
75.6731,0.2791829,428.3065
75.82228,0.2791827,428.3065
75.95349,0.279183,428.3065
76.07315,0.2791829,428.3065
76.31651,0.2791827,428.3065
76.45327,0.2791827,428.3065
76.57324,0.2791824,428.3065
76.67875,0.2791809,428.3065
76.94432,0.2791799,428.3065
77.05292,0.2791801,428.3065
77.16824,0.2791801,428.3065
77.27318,0.2791813,428.3828
77.49741,0.2791821,428.692
77.60306,0.279193,428.8502
77.66707,0.2791905,428.9508
77.75156,0.2791884,429.0871
77.94879,0.2791861,429.3065
78.09225,0.2791871,429.3065
78.2278,0.2791879,429.3065
78.33005,0.279184,429.3065
78.43673,0.279184,429.3065
78.54542,0.2791835,429.3065
78.68459,0.2791815,429.3065
78.80586,0.2791804,429.3065
78.94438,0.2791796,429.3065
79.06714,0.2791785,429.3065
79.18244,0.2791767,429.3065
79.2382,0.3,438.487
79.12749,0.3,438.487
79.10091,0.3,438.6269
79.07807,0.3,438.7737
79.04827,0.3,438.9594
79.01546,0.3,439.1535
78.98988,0.3,439.295
78.95296,0.3,439.487
78.84831,0.3,439.487
78.72575,0.3,439.487
78.59201,0.3,439.487
78.44636,0.3,439.487
78.34211,0.3,439.487
78.22517,0.3,439.487
78.02411,0.3,439.487
77.8877,0.3,439.487
77.7435,0.3,439.487
77.5946,0.3,439.487
77.4538,0.3,439.487
73.93022,0.3,448.33
74.03763,0.3,448.4281
74.11665,0.3,448.5002
74.19218,0.3,448.5691
74.28339,0.3,448.6523
74.37733,0.3,448.7381
74.46783,0.3,448.8207
74.55866,0.3,448.9036
74.35344,0.3,449.2935
74.25227,0.3,449.4343
74.18364,0.3,449.529
74.06966,0.3,449.6857
74.04109,0.3,449.7851
74.12024,0.3,449.8573
74.20255,0.3,449.9324
70.92189,0.3,458.397
70.79543,0.3,458.397
70.57767,0.3,458.397
70.45116,0.3,458.397
70.24955,0.3,458.397
70.13002,0.3,458.397
69.92928,0.3,458.397
69.72009,0.3,458.397
69.60126,0.3,458.397
69.39145,0.3,458.397
69.27573,0.3,458.397
69.06338,0.3,458.397
68.86465,0.3,458.397
68.73715,0.3,458.397
68.5269,0.3,458.397
68.40565,0.3,458.397
68.20375,0.3,458.397
67.98303,0.3,458.397
67.85666,0.3,458.397
67.64151,0.3,458.397
67.5272,0.3,458.397
67.31628,0.3,458.397
67.19943,0.3,458.4187
67.11124,0.3,458.5374
66.97314,0.3,458.7237
66.87886,0.3,458.8516
66.7543,0.3,459.0207
66.63727,0.3,459.1802
66.54883,0.3,459.3012
66.42751,0.3,459.397
66.30421,0.3,459.397
66.08836,0.3,459.397
65.96624,0.3,459.397
65.75514,0.3,459.397
65.63462,0.3,459.397
65.43821,0.3,459.397
65.22297,0.3,459.397
65.11028,0.3,459.397
64.90632,0.3,459.397
64.79056,0.3,459.397
64.41077,0.3,459.397
64.27895,0.3,459.397
64.08233,0.3,459.397
63.9686,0.3,459.397
61.46464,0.3,466.0081
61.55817,0.3,466.0935
61.64211,0.3,466.1701
61.71995,0.3,466.2411
61.84333,0.3,466.3537
61.92241,0.3,466.4259
62.00784,0.3,466.5038
61.96583,0.3,466.752
61.86377,0.3,466.9568
61.76295,0.3,467.1613
61.65557,0.3,467.3815
61.69571,0.3,467.5728
61.79097,0.3,467.6598
61.96283,0.3,467.8166
62.06868,0.3,467.9132
62.26078,0.3,468.0885
62.3828,0.3,468.1999
62.59121,0.3,468.3901
62.73138,0.3,468.518
62.97044,0.3,468.7362
63.05328,0.3,468.8118
63.13486,0.3,468.8863
59.4548,0.2791738,478.287
59.3432,0.2791737,478.287
59.21789,0.2791771,478.287
59.32502,0.2792214,478.287
59.45395,0.2792346,478.287
59.57182,0.2792059,478.287
59.67629,0.279216,478.287
59.7901,0.2792079,478.4365
59.86657,0.2791923,478.5729
59.96169,0.2791815,478.7357
60.04706,0.2792145,478.8752
60.13567,0.2791754,479.0135
60.19648,0.2792039,479.1058
60.25296,0.2791783,479.1887
60.35573,0.279195,479.287
60.45982,0.2791718,479.287
60.57239,0.2791828,479.287
60.71381,0.2791848,479.287
60.83709,0.2791719,479.287
60.96756,0.2791801,479.287
61.12398,0.2791791,479.287
61.26483,0.2791721,479.287
61.41737,0.2791779,479.287
61.57224,0.279175,479.287
61.75274,0.2791733,479.287
61.92071,0.2791755,479.287
63.937,0.2791737,481.244
63.937,0.2791721,481.4195
63.937,0.2791738,481.582
63.937,0.2791715,481.7344
63.937,0.2791715,481.8958
63.937,0.2791703,482.2488
63.937,0.2791708,482.3639
63.937,0.2791705,482.5243
63.95157,0.2791699,482.7212
64.10444,0.2791701,482.8253
64.20595,0.279169,482.8938
64.34653,0.2791681,482.9879
64.66895,0.2791682,483.1997
64.80553,0.2791684,483.2877
64.937,0.279168,483.3806
64.937,0.2791665,483.6764
64.937,0.2791662,483.8703
64.937,0.2791656,484.0348
64.937,0.279165,484.2429
64.937,0.2791649,484.4249
64.937,0.2791647,484.6855
64.937,0.2791643,484.7873
64.937,0.2791648,484.9382
64.937,0.2791648,485.1452
64.937,0.279164,485.3094
64.937,0.2791597,485.5733
64.937,0.2791657,485.718
74.18796,0.2791608,485.7285
74.1903,0.2791617,485.9143
74.19211,0.2791647,486.0572
74.19525,0.2791603,486.3068
74.19685,0.2791637,486.4333
74.19967,0.279169,486.6564
74.20141,0.2791813,486.7943
74.20277,0.2792206,486.9019
74.38983,0.2791804,486.9819
74.51003,0.2791794,486.9894
74.66702,0.2791774,486.9999
74.81538,0.2791688,487.0125
74.92872,0.2791677,487.0239
75.08726,0.2791707,487.0419
75.20486,0.2791654,487.0621
75.20626,0.2791643,487.1729
75.20763,0.2791659,487.2811
75.20924,0.2791682,487.4088
78.03088,0.2791701,488.4834
78.10757,0.2791789,488.399
78.18388,0.2791896,488.3149
78.25433,0.2792016,488.2373
78.34914,0.2792053,488.1711
78.51327,0.2792267,488.2855
78.60717,0.2792,488.3563
78.756,0.2792102,488.4758
78.89384,0.279202,488.5966
78.97978,0.2792007,488.6759
79.0983,0.2791964,488.7954
79.02306,0.2791958,488.8783
78.93816,0.2791884,488.9718
78.86088,0.2791901,489.0569
78.77161,0.2791937,489.1552
78.69363,0.2791869,489.2411
78.60824,0.279184,489.3351
78.51744,0.279183,489.4351
78.41622,0.2791809,489.5466
80.42032,0.2791899,494.0437
80.52821,0.279214,494.0437
80.44433,0.2792046,494.1957
80.40066,0.2791857,494.3775
80.32333,0.2791858,494.6644
80.28064,0.278385,494.8153
80.22372,0.2818396,495.0409
80.11561,0.2773718,495.0437
80.01233,0.2813249,495.0437
79.84967,0.279111,495.0437
79.71632,0.279785,495.0437
78.70985,0.2792468,497.712
78.78335,0.2793106,497.7805
78.85917,0.2793148,497.8511
78.83879,0.2790553,497.9884
78.70663,0.2792948,498.1729
78.63399,0.2790827,498.2719
78.50844,0.2792976,498.4404
78.43318,0.2791389,498.5388
78.30589,0.2792493,498.7023
72.803,0.2791646,501.1328
72.803,0.279169,501.3145
72.803,0.2791634,501.5001
72.803,0.2791669,501.6117
72.803,0.279163,501.7138
72.803,0.2791648,501.9046
72.803,0.2791616,502.0885
72.803,0.2791631,502.2092
72.803,0.2791611,502.3917
72.803,0.279162,502.5043
72.803,0.2791607,502.6994
72.803,0.2791616,502.8169
72.803,0.2791611,503.0165
72.803,0.2791613,503.1369
72.803,0.2791604,503.3376
72.803,0.2791618,503.45
72.803,0.2791602,503.6531
72.803,0.2791623,503.7809
72.803,0.2791605,503.9792
72.72072,0.2791621,504.0972
72.62236,0.2791623,504.1797
72.49061,0.2791616,504.2897
72.39133,0.2791619,504.3719
72.23105,0.2791621,504.5041
71.89347,0.2791622,504.7788
71.803,0.2791612,504.9087
71.803,0.2791612,505.0285
71.803,0.2791616,505.1495
71.803,0.2791612,505.4198
71.803,0.2791611,505.5467
71.803,0.279161,505.6632
71.803,0.2791611,505.7858
71.803,0.2791611,506.057
71.803,0.2791607,506.1792
71.803,0.2791623,506.291
71.803,0.2791724,506.4078
71.803,0.2791739,506.7249
71.803,0.2791844,506.8447
71.803,0.2791847,506.9536
71.803,0.2791914,507.2474
71.803,0.2791741,507.3495
71.803,0.2791971,507.507
71.803,0.2791905,507.7043
71.803,0.2791897,507.8627
71.803,0.2791739,508.1373
71.803,0.2791907,508.3004
61.45141,0.2792062,513.2699
61.3763,0.2791612,513.1948
61.26149,0.2791479,513.08
61.18328,0.2792346,513.0018
61.11148,0.2791951,512.93
61.02641,0.2791461,512.8449
60.9445,0.2791649,512.763
60.84635,0.2791834,512.6649
60.76514,0.2791787,512.5836
60.67601,0.2791708,512.4945
60.58055,0.2791656,512.399
60.49805,0.2791656,512.3165
60.41532,0.2791764,512.2338
60.33425,0.2791642,512.1527
60.24932,0.279153,512.0678
60.15869,0.2791519,511.9772
60.08017,0.2791538,511.8987
60.00241,0.2791577,511.8209
59.82938,0.2791655,511.6479
59.64643,0.2791684,511.6938
59.5434,0.2791699,511.7512
59.40644,0.2791719,511.8292
59.28014,0.2791722,511.9045
59.18154,0.2791731,511.9652
59.04843,0.2791748,512.0491
58.92593,0.279175,512.1301
58.8301,0.2791777,512.0628
58.91383,0.2791769,512.1465
59.00887,0.2791764,512.2416
59.14502,0.2791762,512.3777
59.22661,0.279176,512.4593
54.61317,0.2791759,523.737
54.46893,0.2791755,523.737
54.21851,0.2791753,523.737
54.09275,0.2791744,523.737
53.87471,0.2791744,523.737
53.76079,0.2791735,523.737
53.57764,0.2791702,523.737
53.4691,0.279171,523.737
53.30688,0.2791677,523.737
53.18016,0.2791665,523.737
53.04165,0.2791661,523.737
52.89822,0.2791654,523.737
52.8356,0.2791649,523.9919
52.7812,0.2791653,524.4813
52.75942,0.2791654,524.7247
52.87474,0.2791682,524.737
52.92734,0.2791675,534.077
53.0351,0.2791675,534.077
53.16728,0.2791707,534.077
53.34962,0.2791642,534.077
53.48524,0.2791632,534.077
53.63476,0.2791624,534.077
53.78358,0.2791621,534.077
53.94501,0.2791622,534.1998
54.00657,0.2791629,534.4128
54.06926,0.2791623,534.6227
54.11435,0.2791653,534.7702
54.17444,0.279171,534.964
54.23558,0.279172,535.077
54.34724,0.2791709,535.077
54.46047,0.2791762,535.077
54.59093,0.2791844,535.077
54.69911,0.2791688,535.077
54.82135,0.2791815,535.077
54.9603,0.279194,535.077
55.07286,0.2791687,535.077
55.1951,0.2791863,535.077
55.34001,0.2791882,535.077
55.45633,0.2791761,535.077
55.58098,0.2791793,535.077
55.70879,0.2791739,535.077
55.88537,0.2791675,535.077
56.05061,0.279168,535.077
56.21862,0.2791689,535.077
56.37148,0.2791649,535.077
56.5657,0.2791648,535.077
56.74646,0.2791663,535.077
56.91343,0.2791648,535.077
57.01712,0.2791655,535.077
57.18475,0.2791696,535.077
57.29108,0.2791789,535.077
62.19322,0.2791924,546.6852
62.09719,0.2791789,546.7813
62.01912,0.279171,546.8593
62.30831,0.2791634,547.0355
62.49849,0.2791636,547.1937
62.67043,0.2791635,547.3354
62.85368,0.2791626,547.439
62.94683,0.2791764,547.3458
63.04171,0.2791922,547.251
63.16033,0.2791924,547.1323
63.24857,0.2792002,547.0441
63.33222,0.2791931,546.9604
63.41127,0.2791961,546.8814
63.49647,0.2791863,546.7962
63.57816,0.279208,546.7145
63.64946,0.2792029,546.6432
74.0122,0.2999999,550.896
74.0122,0.2999999,551.0162
74.0122,0.2999999,551.1354
74.0122,0.2999999,551.256
74.0122,0.2999999,551.3755
74.0122,0.2999999,551.4979
74.0122,0.2999999,551.6375
74.0122,0.2999999,551.7448
74.0122,0.2999999,551.8868
74.0122,0.2999999,552.0101
74.0122,0.2999999,552.1378
74.0122,0.2999999,552.2823
74.0122,0.2999999,552.4186
74.0122,0.2999999,552.5299
74.0122,0.2999999,552.6949
74.0122,0.2999999,552.798
74.0122,0.2999999,552.9075
74.0122,0.2999999,553.017
74.0122,0.2999999,553.1534
74.0122,0.2999999,553.2709
74.0122,0.2999999,553.3878
74.0122,0.2999999,553.6403
74.0122,0.2999999,553.7971
74.14642,0.2999999,554.0541
74.30208,0.2999999,554.1375
74.46171,0.2999999,554.223
74.82716,0.2999999,554.4189
74.97759,0.2999999,554.4996
75.13917,0.2999999,554.5864
75.1403,0.2999999,554.8635
75.1403,0.2999999,555.0419
75.1403,0.2999999,555.3196
75.1403,0.2999999,555.4972
75.1403,0.2999999,555.7045
75.1403,0.2999999,555.8889
75.1403,0.2999999,556.1868
75.1403,0.2999999,556.3655
75.1403,0.2999999,556.4662
75.1403,0.2999999,556.6924
82.49873,0.2999998,559.6368
82.62781,0.2999998,559.4954
82.71529,0.2999998,559.3996
82.84885,0.2999998,559.2532
82.94012,0.2999998,559.1532
83.0937,0.2999998,558.9849
83.19463,0.2999998,558.8743
83.30506,0.2999998,558.7534
83.41454,0.2999998,558.6334
83.59238,0.2999998,558.6927
83.80051,0.2999998,558.7762
83.95957,0.2999998,558.839
84.15695,0.2999998,558.9161
84.3608,0.2999998,558.9945
84.49009,0.2999998,559.042
84.59104,0.2999998,558.9314
84.6843,0.2999998,558.8292
84.77244,0.2999998,558.7326
84.86816,0.2999998,558.6277
84.94852,0.2999998,558.5397
85.03509,0.2999998,558.4448
85.11585,0.2999998,558.3563
85.20938,0.2999998,558.2538
85.28979,0.2999998,558.1658
85.37424,0.2999998,558.0732
85.45215,0.2999998,557.9879
85.52354,0.2999998,557.9097
85.63132,0.2999998,557.7916
85.72257,0.2999998,557.6915
85.79601,0.2999998,557.6111
85.87618,0.2999998,557.5233
85.96344,0.2999998,557.4276
86.05288,0.2999998,557.3297
86.1397,0.2999998,557.2345
86.23273,0.2999998,557.1326
86.30566,0.2999998,557.0527
86.37312,0.2999998,556.9787
86.44207,0.2999998,556.9032
96.157,0.2791763,560.6392
96.157,0.2791796,560.5333
96.157,0.279185,560.4268
96.157,0.2791884,560.2986
96.157,0.2791768,560.1976
96.157,0.3028588,560.0561
96.157,0.3073024,559.9327
96.157,0.3027834,559.8243
96.157,0.2935203,559.7155
96.26908,0.2894488,559.6365
96.48385,0.2886626,559.608
96.67549,0.2874935,559.5807
97.10222,0.2856984,559.5084
97.157,0.2822903,559.3066
97.157,0.2810004,559.1722
97.157,0.2802432,559.0165
97.157,0.2798633,558.8721
99.32285,0.2795865,556.591
99.48346,0.2795007,556.591
99.62801,0.2794381,556.591
100.0075,0.2793252,556.591
100.1662,0.279293,556.591
100.3102,0.2792704,556.591
100.6551,0.2792324,556.591
100.7961,0.2792191,556.591
101.2382,0.2791975,556.591
101.3766,0.279193,556.591
101.5014,0.2791894,556.591
101.8465,0.2791826,556.591
101.976,0.2791816,556.5444
102.0914,0.2791789,556.4224
102.4005,0.2791759,556.0829
102.5437,0.2791752,555.9191
102.6678,0.2791747,555.7733
102.9918,0.2791732,555.4394
103.1122,0.2791727,555.4394
103.2225,0.2791721,555.4394
103.3259,0.279172,555.4394
103.4722,0.279171,555.4394
103.6076,0.2791719,555.4394
103.7356,0.2791709,555.4394
103.8623,0.279171,555.4394
103.9809,0.2791708,555.4394
104.0939,0.2791705,555.4394
104.2494,0.2791708,555.4394
104.412,0.2791704,555.4394
104.5696,0.2791709,555.4394
104.7099,0.27917,555.4394
104.8547,0.2791707,555.4394
105.1014,0.2791704,555.4394
105.26,0.2791706,555.4394
105.3791,0.2791704,555.4394
105.4932,0.2791648,555.4394
105.5605,0.2793283,540.853
105.4511,0.2791831,540.853
105.3487,0.2792089,540.853
105.2385,0.2791561,540.853
105.1234,0.2791975,540.853
105.0043,0.2791668,540.853
104.8162,0.2791742,540.853
104.6026,0.2791492,540.853
104.483,0.2791514,540.853
104.3679,0.2791579,540.853
104.2517,0.2791582,540.8176
104.2305,0.279161,540.6254
104.2096,0.2791619,540.4191
104.1713,0.2791637,539.9724
104.1546,0.2791611,539.853
104.1979,0.2791615,530.973
104.3287,0.2791602,530.973
104.4524,0.2791595,530.973
104.5576,0.2791592,530.973
104.6691,0.2791583,530.8522
104.6936,0.2791586,530.6537
104.719,0.2791579,530.4431
104.7362,0.2791582,530.2983
104.7601,0.2791586,530.0952
104.7772,0.2791582,529.973
104.8832,0.2791605,529.973
104.9871,0.2791592,529.973
105.0971,0.2791621,529.973
105.1667,0.2791601,521.023
105.1339,0.2791637,520.9136
105.126,0.2791629,520.7581
105.116,0.2791618,520.5568
105.1066,0.2791611,520.3505
105.0997,0.2791604,520.1931
105.0914,0.2791598,520.023
104.9857,0.2791599,520.023
104.975,0.2791598,511.293
104.8705,0.2791587,511.293
104.8301,0.2791631,511.183
104.8169,0.2791607,510.9552
104.7795,0.2791595,510.425
104.7604,0.2791626,510.293
104.6488,0.2791611,510.293
104.5158,0.2791613,510.293
104.361,0.279165,510.293
104.2265,0.2791642,510.293
104.1205,0.2791637,510.293
104.0318,0.3,501.103
103.8476,0.3,501.103
103.7321,0.3,501.103
103.5897,0.3,501.103
103.4542,0.3,501.103
103.3449,0.3,501.103
103.2429,0.3,501.103
103.1362,0.3,501.103
103.0118,0.3,501.103
102.8931,0.3,501.103
102.7778,0.3,501.103
102.6592,0.3,501.0298
102.5884,0.3,500.8334
102.5227,0.3,500.6552
102.467,0.3,500.5056
102.3872,0.3,500.2944
102.3153,0.3,500.1083
102.1828,0.3,500.103
102.043,0.3,500.103
101.8934,0.3,500.103
101.7318,0.3,500.103
101.59,0.3,500.103
101.4359,0.3,500.103
101.2804,0.3,500.103
101.1028,0.3,500.103
100.9478,0.3,500.103
100.7957,0.3,500.103
100.6277,0.3,500.103
100.4389,0.3,500.103
100.2803,0.3,500.103
96.80895,0.3000001,492.4422
96.89281,0.3000001,492.349
96.98006,0.3000001,492.2522
97.05994,0.3000001,492.1635
97.15252,0.3000001,492.0607
97.2364,0.3000001,491.9675
97.32124,0.3000001,491.8733
97.41737,0.3000001,491.7666
97.50368,0.3000001,491.6707
97.59093,0.3000001,491.5739
97.69061,0.3000001,491.4632
97.77531,0.3000001,491.3691
97.85741,0.3000001,491.278
97.81813,0.3000001,491.0614
97.71817,0.3000001,490.8751
97.61217,0.3000001,490.6779
97.53484,0.3000001,490.5345
97.4371,0.3000001,490.3535
97.4353,0.3000001,490.2524
97.51994,0.3000001,490.1584
97.60504,0.3000001,490.0639
97.70088,0.3000001,489.9575
97.80732,0.3000001,489.8393
97.90928,0.3000001,489.7261
97.99453,0.3000001,489.6314
98.0915,0.3000001,489.5237
98.17568,0.3000001,489.4303
98.32411,0.3000001,489.2655
98.42032,0.3000001,489.1586
94.95135,0.2791552,481.423
94.74452,0.2791546,481.423
94.64304,0.2791549,481.423
94.44512,0.2791588,481.423
94.26083,0.2791588,481.423
94.08782,0.2791587,481.423
93.84816,0.2791595,481.423
93.69223,0.2791603,481.423
93.49368,0.2791603,481.423
93.36874,0.2791652,481.423
93.18554,0.279166,481.2146
93.13112,0.2791704,480.9661
93.0984,0.2791695,480.8066
93.00401,0.2791691,480.423
92.89807,0.2791675,480.423
92.78075,0.2791679,480.423
92.69056,0.2791654,471.423
92.79309,0.2791639,471.423
92.9081,0.2791646,471.423
93.01252,0.2839522,471.423
93.09645,0.2856352,471.1652
93.11944,0.2888736,471.0098
93.15246,0.295123,470.7885
93.18559,0.2955279,470.5791
93.21085,0.2952877,470.423
93.33743,0.2957718,470.423
93.46783,0.2973894,470.423
93.57005,0.2982807,470.423
93.69811,0.2995219,470.423
93.80992,0.3005589,470.423
93.92513,0.3016427,470.423
94.03897,0.3027423,461.503
94.15748,0.3038811,461.503
94.27744,0.3050429,461.503
94.39886,0.3062113,461.503
94.51972,0.3073821,461.503
94.63609,0.308506,461.503
94.74332,0.3095416,461.503
94.86481,0.2974827,461.503
94.93636,0.2960836,461.2398
94.96326,0.2928855,461.0773
94.99726,0.2790159,460.8742
95.02452,0.2789703,460.6778
95.04605,0.2792114,460.5262
95.16784,0.2798094,460.503
95.28328,0.2790735,460.503
95.40463,0.2791172,460.503
95.50804,0.2791934,451.5474
95.36626,0.2791468,451.5474
95.33779,0.2791759,451.3979
95.319,0.2791606,451.2261
95.26567,0.2791639,450.707
95.24383,0.2791491,450.5474
95.12924,0.2791617,450.5474
95.02454,0.279159,450.5474
94.95091,0.2791602,441.5474
94.84071,0.2791609,441.5474
90.38973,0.2800002,450.5474
90.49236,0.2756776,450.5474
90.6039,0.279606,450.5474
90.71356,0.2785771,450.5474
90.84394,0.2802867,450.5474
90.97336,0.2787208,441.5474
91.13076,0.2823006,441.5474
91.26418,0.2799734,441.5474
91.37968,0.2784295,441.5474
91.4897,0.279818,441.5474
91.60631,0.2819133,441.5474
91.72382,0.2761598,441.5474
91.84328,0.2765047,441.5474
91.97138,0.2779707,441.5474
92.16202,0.2780702,441.5474
92.33407,0.2793408,441.5474
92.52763,0.2796499,441.5474
92.65248,0.2793423,441.5474
92.75729,0.2793176,441.5474
92.88509,0.2791913,441.5474
92.99191,0.2792101,441.5474
93.03111,0.2791235,441.453
93.07022,0.279263,441.3528
93.13931,0.2791323,441.1715
93.1767,0.2792321,441.0715
93.24318,0.2791259,440.89
93.28067,0.2792026,440.7857
93.34335,0.2791259,440.6074
93.44217,0.2791383,440.5474
93.54568,0.2791438,440.5474
93.67752,0.279187,440.5474
93.7926,0.279185,440.5474
93.91485,0.2791852,440.5474
94.0193